Date,Open,High,Low,Close,Volume
2021-10-11,399.15,409.71,399.15,405.15,131200
2021-10-12,405.99,413.78,404.21,410.86,221400
2021-10-13,413.82,415.75,407.91,409.73,135900
2021-10-14,411.06,416.57,411.06,414.66,145300
2021-10-15,415.08,418.61,414.15,414.89,158100
2021-10-18,414.88,417.02,412.53,415.8,165900
2021-10-19,415.75,422.54,415.75,422.35,133600
2021-10-20,422.88,424.79,416.26,421.32,150000
2021-10-21,422.66,430.23,421.1,426.99,200600
2021-10-22,427.0,430.97,424.38,430.97,190000
2021-10-25,431.18,438.0,427.8,432.77,169700
2021-10-26,435.0,440.53,432.9,435.36,254800
2021-10-27,434.47,438.75,431.63,431.86,198600
2021-10-28,433.48,439.02,433.15,438.79,155300
2021-10-29,438.86,445.0,435.86,443.89,301200
2021-11-01,442.91,444.49,428.34,434.82,185100
2021-11-02,435.58,441.39,434.11,435.98,249900
2021-11-03,436.56,441.73,432.7,440.23,248700
2021-11-04,440.0,444.77,438.17,443.55,204900
2021-11-05,445.1,448.42,444.15,446.9,197000
2021-11-08,448.1,449.39,438.93,447.97,238200
2021-11-09,448.82,449.54,443.18,445.78,201400
2021-11-10,445.55,452.95,444.29,448.58,226800
2021-11-11,448.58,458.08,448.46,456.8,237000
2021-11-12,456.03,459.32,453.6,456.67,123000
2021-11-15,457.16,463.62,453.46,462.97,189200
2021-11-16,462.51,464.54,459.68,460.9,171000
2021-11-17,460.38,462.55,455.29,461.18,167100
2021-11-18,463.49,467.3,461.04,461.66,137300
2021-11-19,461.86,463.96,457.34,461.2,196800
2021-11-22,459.15,463.84,454.96,455.78,178500
2021-11-23,456.55,465.24,452.68,465.01,214600
2021-11-24,461.63,470.37,460.78,469.07,137000
2021-11-26,464.65,468.77,456.0,458.49,119900
2021-11-29,461.28,471.72,461.26,469.43,157600
2021-11-30,467.96,473.6,463.93,468.57,497900
2021-12-01,474.52,475.0,462.17,462.82,256200
2021-12-02,464.9,471.22,462.53,470.44,235400
2021-12-03,474.17,474.59,457.64,466.38,211500
2021-12-06,469.12,469.12,452.3,459.77,420600
2021-12-07,465.06,472.37,463.03,466.83,248700
2021-12-08,467.22,474.97,464.17,474.48,285600
2021-12-09,473.5,476.06,461.53,462.67,219400
2021-12-10,465.46,466.88,459.21,466.07,231600
2021-12-13,467.75,469.05,462.12,466.54,233000
2021-12-14,465.52,467.56,457.75,461.89,231300
2021-12-15,463.41,470.09,461.3,469.34,235500
2021-12-16,468.62,474.99,468.62,471.4,271600
2021-12-17,470.12,476.77,465.55,473.12,6373100
2021-12-20,471.34,476.29,461.55,470.97,620900
2021-12-21,464.06,474.92,450.03,474.83,572500
2021-12-22,474.8,478.89,456.39,477.43,339600
2021-12-23,477.43,485.48,477.43,479.51,215600
2021-12-27,484.53,488.41,482.25,485.62,187700
2021-12-28,486.46,490.81,485.29,487.73,197600
2021-12-29,488.99,495.4,488.39,488.85,163900
2021-12-30,491.27,492.25,484.47,484.74,227200
2021-12-31,484.74,488.97,483.51,486.01,156600
2022-01-03,483.87,486.49,470.52,476.02,290700
2022-01-04,478.63,479.35,470.42,472.46,363900
2022-01-05,472.74,473.92,450.41,451.29,373900
2022-01-06,450.0,452.1,443.64,449.43,387600
2022-01-07,449.2,450.0,441.6,441.87,263600
2022-01-10,437.12,443.57,431.61,442.91,369300
2022-01-11,442.38,447.57,440.22,444.51,370800
2022-01-12,446.0,452.58,444.94,447.77,210500
2022-01-13,448.19,450.05,433.31,434.09,211500
2022-01-14,432.7,432.7,419.6,427.11,280100
2022-01-18,423.12,431.81,421.51,428.71,334700
2022-01-19,431.28,438.4,429.16,429.5,278500
2022-01-20,435.31,440.24,424.59,425.6,292300
2022-01-21,425.6,428.11,418.93,420.12,207900
2022-01-24,415.91,421.04,405.14,420.98,309000
2022-01-25,416.65,420.43,412.01,414.49,304500
2022-01-26,418.09,419.73,404.96,406.86,229200
2022-01-27,409.37,417.54,404.06,406.84,264100
2022-01-28,406.15,412.3,395.3,412.16,253000
2022-01-31,413.03,422.01,409.64,421.89,277900
2022-02-01,422.02,423.28,415.68,421.33,255700
2022-02-02,422.02,429.82,420.0,428.7,200100
2022-02-03,424.51,425.31,419.05,419.2,141800
2022-02-04,417.17,423.92,414.8,420.28,150700
2022-02-07,419.64,419.64,415.41,417.52,144600
2022-02-08,415.19,420.31,408.85,419.46,286200
2022-02-09,425.08,428.1,416.59,417.59,216900
2022-02-10,411.16,418.36,406.68,408.16,312900
2022-02-11,407.88,411.44,403.77,407.06,329000
2022-02-14,407.19,407.19,394.51,400.03,301300
2022-02-15,404.64,408.79,402.96,408.0,222600
2022-02-16,406.9,414.1,405.66,412.32,238700
2022-02-17,410.36,410.36,403.35,405.68,211100
2022-02-18,406.77,407.12,400.18,403.01,213000
2022-02-22,401.79,406.0,398.39,404.15,235800
2022-02-23,406.0,408.69,393.24,394.0,233100
2022-02-24,386.0,392.85,381.79,392.82,599900
2022-02-25,394.04,407.9,390.81,406.73,318600
2022-02-28,400.64,407.0,399.84,406.09,313000
2022-03-01,406.07,415.24,401.48,411.86,355800
2022-03-02,416.57,421.72,413.05,418.0,284900
2022-03-03,420.6,422.65,411.08,411.65,299000
2022-03-04,409.99,416.23,406.54,413.05,477700
2022-03-07,415.8,420.49,411.57,412.84,450300
2022-03-08,412.72,416.19,403.1,407.17,280400
2022-03-09,412.88,417.74,407.56,414.96,263100
2022-03-10,412.11,414.84,402.92,407.0,231800
2022-03-11,408.92,411.73,406.3,407.79,204300
2022-03-14,412.65,414.16,405.1,408.27,193000
2022-03-15,411.55,418.3,408.57,416.42,241700
2022-03-16,419.91,424.34,410.57,419.25,315900
2022-03-17,419.82,427.59,417.86,427.14,231000
2022-03-18,428.11,439.98,428.04,439.15,440900
2022-03-21,439.72,442.9,431.4,437.52,292300
2022-03-22,436.51,439.07,433.91,435.81,336300
2022-03-23,436.52,436.52,425.5,426.89,446400
2022-03-24,432.23,439.5,417.16,419.39,531200
2022-03-25,420.77,421.0,410.68,414.18,403100
2022-03-28,414.97,432.17,414.44,431.34,411200
2022-03-29,434.31,445.75,434.3,437.35,353400
2022-03-30,435.24,444.0,433.56,439.9,275200
2022-03-31,441.66,443.88,433.3,434.15,292800
2022-04-01,435.37,435.37,424.63,429.12,366400
2022-04-04,429.11,435.58,429.11,433.17,382600
2022-04-05,430.84,442.31,425.59,440.79,418400
2022-04-06,440.0,448.59,439.77,442.63,327500
2022-04-07,441.54,447.25,440.42,444.57,343500
2022-04-08,444.56,445.8,437.67,441.82,384100
2022-04-11,439.19,441.33,430.34,432.14,160900
2022-04-12,432.42,438.48,424.23,425.6,256700
2022-04-13,425.38,428.52,420.0,427.37,225700
2022-04-14,425.81,430.17,420.02,420.57,183300
2022-04-18,420.19,424.92,419.78,422.23,265800
2022-04-19,422.15,434.56,422.15,434.49,245600
2022-04-20,436.95,444.52,435.87,443.4,311600
2022-04-21,444.55,445.76,436.98,438.41,254700
2022-04-22,437.71,439.07,427.06,427.23,303100
2022-04-25,425.49,429.26,417.3,429.04,247900
2022-04-26,427.42,430.06,416.41,416.87,253500
2022-04-27,418.02,426.54,416.36,416.52,232000
2022-04-28,419.59,422.61,412.98,419.37,226600
2022-04-29,416.24,417.27,402.84,403.49,270900
2022-05-02,404.37,404.6,387.48,394.81,331600
2022-05-03,396.91,401.21,394.47,399.21,274600
2022-05-04,399.45,401.6,384.8,399.35,296300
2022-05-05,398.24,400.48,379.39,382.65,267500
2022-05-06,379.56,379.82,373.9,378.17,179700
2022-05-09,374.07,374.91,362.92,363.84,266700
2022-05-10,368.86,371.09,361.27,367.12,273300
2022-05-11,365.22,374.15,365.2,365.79,258100
2022-05-12,364.4,369.57,360.37,366.42,246500
2022-05-13,369.71,377.04,369.66,371.81,260400
2022-05-16,370.88,373.17,364.19,372.45,360200
2022-05-17,376.26,377.18,371.33,374.16,208200
2022-05-18,370.41,370.41,354.78,356.1,196800
2022-05-19,353.4,362.7,353.4,360.42,368400
2022-05-20,363.1,365.32,357.49,364.57,647400
2022-05-23,367.06,373.74,363.14,372.23,276900
2022-05-24,369.51,372.46,364.3,370.8,190700
2022-05-25,368.44,373.95,368.01,370.64,208700
2022-05-26,373.85,379.82,373.22,378.85,155900
2022-05-27,380.55,388.01,380.55,388.01,211500
2022-05-31,388.0,388.0,380.7,381.78,464300
2022-06-01,370.95,384.93,370.95,374.59,278700
2022-06-02,374.26,385.26,374.26,384.51,179900
2022-06-03,379.51,382.13,376.9,379.32,187900
2022-06-06,382.52,383.67,377.31,377.82,131900
2022-06-07,375.17,382.85,375.06,381.59,150900
2022-06-08,378.98,381.34,374.67,376.46,153900
2022-06-09,375.86,379.34,369.07,369.6,228900
2022-06-10,366.98,366.98,361.79,362.94,200300
2022-06-13,354.34,357.87,351.12,352.76,274200
2022-06-14,353.05,353.61,349.04,350.72,278200
2022-06-15,353.89,360.96,350.22,355.87,229600
2022-06-16,348.29,352.71,346.31,348.71,407100
2022-06-17,348.5,353.91,345.92,349.33,488000
2022-06-21,352.84,359.56,352.84,358.77,343500
2022-06-22,356.77,363.78,353.12,359.94,414100
2022-06-23,365.58,390.48,360.06,388.76,555900
2022-06-24,390.62,393.05,381.15,392.52,581600
2022-06-27,392.35,394.03,387.57,391.15,335000
2022-06-28,391.15,393.37,375.23,376.0,396400
2022-06-29,376.38,383.79,371.59,383.1,316000
2022-06-30,381.09,385.72,378.59,384.57,295900
2022-07-01,384.54,394.91,383.37,394.2,312800
2022-07-05,391.5,396.31,385.17,395.81,314600
2022-07-06,396.39,403.63,395.25,401.85,273000
2022-07-07,400.58,404.85,398.54,401.85,229200
2022-07-08,399.34,404.47,397.58,401.63,176600
2022-07-11,400.0,405.87,400.0,403.89,198800
2022-07-12,403.6,407.99,391.15,393.3,191000
2022-07-13,387.85,399.18,386.88,392.87,184700
2022-07-14,388.27,397.19,385.8,396.46,184400
2022-07-15,401.34,404.1,397.54,399.98,172600
2022-07-18,400.36,400.62,389.19,390.85,243400
2022-07-19,393.82,399.95,393.82,399.67,155200
2022-07-20,400.0,403.72,397.07,401.04,146700
2022-07-21,400.4,411.51,400.4,411.05,229900
2022-07-22,413.37,413.37,404.68,408.03,206400
2022-07-25,407.77,410.4,402.94,406.23,151400
2022-07-26,406.92,407.29,403.24,405.24,141500
2022-07-27,405.58,411.0,404.68,408.81,215200
2022-07-28,410.02,422.92,408.76,421.15,181400
2022-07-29,419.56,430.77,418.57,429.68,229100
2022-08-01,424.92,428.82,421.5,422.8,185300
2022-08-02,421.64,426.19,416.74,420.92,181900
2022-08-03,422.76,424.57,418.73,422.47,290300
2022-08-04,421.21,425.88,420.21,424.78,198800
2022-08-05,421.12,425.2,417.55,423.31,140700
2022-08-08,425.91,428.97,423.15,423.55,168200
2022-08-09,423.02,426.76,421.02,423.75,159500
2022-08-10,430.95,434.97,428.26,434.9,190000
2022-08-11,435.0,437.87,431.4,433.15,128200
2022-08-12,434.66,441.25,431.54,441.07,124200
2022-08-15,440.47,447.51,438.92,446.59,141300
2022-08-16,445.56,450.0,443.83,447.69,153000
2022-08-17,446.67,454.57,446.52,452.85,165700
2022-08-18,454.4,456.12,450.52,454.23,139400
2022-08-19,452.66,452.95,445.48,446.37,684600
2022-08-22,441.99,446.76,441.4,443.71,202300
2022-08-23,440.31,442.91,437.59,439.0,120600
2022-08-24,439.98,445.54,439.98,441.93,155400
2022-08-25,446.99,452.64,443.9,452.38,131300
2022-08-26,456.69,456.99,445.1,445.12,213800
2022-08-29,442.61,445.6,437.1,441.35,193800
2022-08-30,440.38,441.51,434.32,437.63,147800
2022-08-31,441.27,442.01,433.18,433.34,275100
2022-09-01,431.88,440.4,431.53,440.06,164000
2022-09-02,443.08,443.08,428.0,430.44,130800
2022-09-06,432.7,439.1,428.2,436.39,195500
2022-09-07,437.89,445.13,436.47,444.77,161700
2022-09-08,443.51,449.2,440.85,448.84,137200
2022-09-09,450.0,454.82,449.56,453.38,192100
2022-09-12,455.0,458.35,452.65,457.08,241600
2022-09-13,449.58,453.68,446.21,446.87,262700
2022-09-14,446.55,453.7,445.38,448.86,317600
2022-09-15,451.66,451.66,443.86,446.67,293200
2022-09-16,443.11,447.02,438.44,446.02,444000
2022-09-19,442.66,446.67,439.9,446.46,261100
2022-09-20,443.51,445.37,437.66,441.64,229300
2022-09-21,442.79,446.79,430.22,430.45,334900
2022-09-22,413.01,417.72,386.81,394.75,1215600
2022-09-23,393.38,398.76,385.39,392.67,463800
2022-09-26,391.94,394.9,385.2,388.42,403100
2022-09-27,392.01,396.43,386.14,391.13,266400
2022-09-28,393.39,398.47,390.22,393.06,311100
2022-09-29,391.16,398.27,385.08,396.86,339700
2022-09-30,399.92,406.61,396.88,400.11,300700
2022-10-03,401.21,411.58,401.21,408.12,283700
2022-10-04,412.71,422.68,412.5,422.31,263600
2022-10-05,419.12,427.79,418.56,423.8,262500
2022-10-06,423.61,426.59,417.89,419.25,242400
2022-10-07,413.57,414.89,409.64,413.69,277700
2022-10-10,416.7,416.7,405.59,412.78,244400
2022-10-11,411.63,417.66,408.82,414.71,268300
2022-10-12,415.04,415.04,401.46,401.66,372800
2022-10-13,394.65,410.74,389.65,409.06,297400
2022-10-14,412.6,412.92,393.84,394.58,276900
2022-10-17,401.09,408.64,400.54,407.0,185500
2022-10-18,415.3,417.14,405.71,409.29,226000
2022-10-19,406.44,409.48,402.45,406.1,169600
2022-10-20,406.68,406.78,398.74,399.53,174300
2022-10-21,400.1,407.5,396.11,407.09,163000
2022-10-24,410.34,413.26,403.99,410.17,184100
2022-10-25,410.76,419.44,410.01,419.26,357500
2022-10-26,419.97,423.61,415.86,417.65,216500
2022-10-27,419.68,426.16,418.84,423.43,191400
2022-10-28,422.88,431.37,419.78,430.4,215300
2022-10-31,428.7,429.01,421.65,425.49,306000
2022-11-01,427.94,430.15,420.94,426.25,263600
2022-11-02,424.47,429.7,414.34,415.26,232800
2022-11-03,411.88,421.66,410.07,412.52,236000
2022-11-04,416.07,416.74,403.22,408.45,244300
2022-11-07,409.76,415.75,407.85,414.21,132300
2022-11-08,414.29,426.36,413.99,422.76,200300
2022-11-09,421.06,425.48,416.93,418.18,158600
2022-11-10,431.97,436.88,421.67,436.28,254100
2022-11-11,436.82,437.18,419.91,421.24,325300
2022-11-14,421.91,429.78,420.69,424.59,264000
2022-11-15,430.0,435.49,425.73,432.92,222100
2022-11-16,432.19,444.44,431.76,441.48,223900
2022-11-17,438.17,438.99,431.48,436.7,168200
2022-11-18,442.14,443.22,432.9,437.77,170700
2022-11-21,435.81,449.07,434.33,446.61,220100
2022-11-22,446.88,453.58,445.34,451.86,196400
2022-11-23,451.65,456.35,449.44,453.74,169200
2022-11-25,452.47,455.68,452.47,455.58,75200
2022-11-28,453.18,457.18,450.39,452.35,185500
2022-11-29,450.93,455.77,445.9,449.12,287900
2022-11-30,449.83,461.29,445.01,461.29,629200
2022-12-01,463.67,473.86,463.04,472.16,246800
2022-12-02,467.38,474.13,465.02,471.15,182000
2022-12-05,467.53,467.53,458.05,459.09,219400
2022-12-06,459.8,460.89,451.25,454.15,243500
2022-12-07,455.25,457.45,449.42,450.29,230900
2022-12-08,450.41,454.69,448.37,451.3,214700
2022-12-09,450.08,453.01,446.98,449.74,163900
2022-12-12,449.89,456.11,447.29,449.89,211600
2022-12-13,460.81,462.35,449.88,456.96,237600
2022-12-14,457.55,462.19,446.68,449.3,243200
2022-12-15,444.88,444.88,430.28,431.06,403900
2022-12-16,427.61,433.13,425.63,428.38,518800
2022-12-19,426.27,430.85,417.31,419.9,438700
2022-12-20,418.0,420.02,396.49,397.28,659900
2022-12-21,400.02,406.61,393.0,404.5,327500
2022-12-22,401.9,401.9,390.37,398.5,236000
2022-12-23,397.46,399.04,393.65,398.04,161700
2022-12-27,397.47,397.76,392.83,395.55,180600
2022-12-28,396.55,399.11,392.63,394.52,166600
2022-12-29,397.39,406.67,395.09,406.5,213600
2022-12-30,403.33,403.59,398.12,401.21,163500
2023-01-03,402.32,407.1,400.76,405.96,249900
2023-01-04,409.54,412.85,403.95,407.79,334700
2023-01-05,404.63,404.63,393.29,393.55,304800
2023-01-06,397.3,404.59,393.53,404.46,221000
2023-01-09,407.42,412.87,402.82,404.62,174700
2023-01-10,403.24,409.61,400.25,409.28,206400
2023-01-11,409.33,414.33,407.46,412.82,185900
2023-01-12,417.54,417.54,408.45,413.88,274600
2023-01-13,410.63,421.89,410.63,421.36,226400
2023-01-17,422.51,431.26,420.41,428.7,359300
2023-01-18,429.52,437.19,429.22,429.42,407400
2023-01-19,426.45,427.33,420.19,421.45,192900
2023-01-20,421.56,426.82,416.97,423.76,198200
2023-01-23,424.53,428.8,422.92,424.17,113800
2023-01-24,423.15,423.28,417.87,419.64,160000
2023-01-25,415.63,417.16,410.04,413.84,206600
2023-01-26,416.27,420.79,414.5,420.49,180600
2023-01-27,418.18,427.37,418.18,425.44,169200
2023-01-30,423.38,426.39,419.88,420.62,152000
2023-01-31,422.35,430.26,416.09,422.94,330200
2023-02-01,420.34,430.43,417.91,426.55,283500
2023-02-02,427.78,436.54,427.78,433.3,174100
2023-02-03,426.3,432.32,422.27,427.56,213900
2023-02-06,423.75,431.32,422.38,426.88,142300
2023-02-07,423.95,436.65,423.95,434.02,174400
2023-02-08,432.23,433.87,430.53,431.79,146900
2023-02-09,434.05,436.37,427.07,427.26,109000
2023-02-10,424.7,428.53,422.94,428.31,150300
2023-02-13,429.16,436.1,429.16,434.42,194400
2023-02-14,432.25,437.27,429.45,429.82,132700
2023-02-15,427.95,437.24,427.12,435.27,146700
2023-02-16,428.19,435.0,427.13,427.17,120800
2023-02-17,425.74,431.91,425.61,431.23,184700
2023-02-21,427.23,427.23,420.58,421.91,172700
2023-02-22,422.99,426.53,419.97,422.36,178200
2023-02-23,424.75,427.29,421.19,426.48,102400
2023-02-24,422.51,422.55,417.7,421.39,116700
2023-02-27,424.6,425.19,417.71,419.92,129400
2023-02-28,419.42,421.15,414.52,414.55,210600
2023-03-01,411.84,414.44,408.98,412.77,251800
2023-03-02,409.84,416.07,409.84,414.64,127300
2023-03-03,416.53,421.53,415.95,421.2,152000
2023-03-06,421.36,425.48,416.92,418.32,227700
2023-03-07,419.21,419.21,408.88,409.65,183700
2023-03-08,408.73,411.46,406.49,408.04,131400
2023-03-09,409.06,411.51,404.24,406.03,256000
2023-03-10,405.22,405.22,393.67,395.63,286000
2023-03-13,393.19,404.18,392.21,397.47,223900
2023-03-14,404.32,411.45,404.3,409.55,321200
2023-03-15,402.83,407.35,399.06,404.69,351800
2023-03-16,403.65,414.06,401.18,405.2,495600
2023-03-17,404.93,411.54,402.75,405.81,524800
2023-03-20,407.41,412.55,405.61,411.55,326400
2023-03-21,415.28,420.18,412.8,419.2,239300
2023-03-22,419.99,426.88,415.63,415.65,350400
2023-03-23,390.0,403.0,377.89,392.59,964800
2023-03-24,390.34,399.95,381.92,398.86,502900
2023-03-27,399.5,406.5,393.96,394.41,244400
2023-03-28,398.65,401.63,395.91,401.47,327000
2023-03-29,401.43,407.88,396.25,407.63,271100
2023-03-30,408.0,413.31,405.11,410.68,270500
2023-03-31,413.23,415.21,410.7,415.09,236700
2023-04-03,412.74,419.9,412.74,416.06,290500
2023-04-04,417.17,420.64,409.1,409.77,288400
2023-04-05,409.91,412.81,399.89,402.04,326700
2023-04-06,400.6,405.66,399.74,404.78,205100
2023-04-10,402.34,403.84,398.19,403.7,146300
2023-04-11,404.28,408.53,404.08,406.05,190400
2023-04-12,409.27,413.5,408.14,411.72,212300
2023-04-13,411.75,419.35,410.42,417.26,222600
2023-04-14,416.48,420.82,413.2,413.97,185600
2023-04-17,413.65,418.09,412.5,416.44,213700
2023-04-18,417.4,420.0,414.57,416.96,211300
2023-04-19,415.73,418.5,415.57,416.53,140300
2023-04-20,416.17,418.73,413.79,416.7,96600
2023-04-21,417.77,422.73,415.32,421.48,172300
2023-04-24,422.86,424.36,419.19,422.2,169600
2023-04-25,421.35,425.0,411.74,412.07,177000
2023-04-26,409.34,412.57,399.62,401.4,223300
2023-04-27,404.25,410.18,402.48,410.16,158700
2023-04-28,408.46,414.25,407.89,411.69,221300
2023-05-01,410.97,416.0,410.67,411.13,134100
2023-05-02,408.21,408.21,393.71,398.08,335900
2023-05-03,399.63,401.29,391.02,393.65,300800
2023-05-04,395.74,398.2,393.06,395.01,222300
2023-05-05,398.3,407.19,398.3,405.85,240800
2023-05-08,407.86,409.24,401.45,402.67,180700
2023-05-09,399.6,404.31,396.86,402.01,207000
2023-05-10,405.09,407.9,403.86,404.39,234400
2023-05-11,402.7,406.19,397.49,400.27,188700
2023-05-12,402.72,404.69,397.64,398.36,262700
2023-05-15,398.3,400.34,393.92,396.03,221800
2023-05-16,393.86,395.45,386.46,388.54,322000
2023-05-17,389.63,395.67,386.42,394.26,308300
2023-05-18,394.77,395.13,390.11,393.55,269200
2023-05-19,395.48,400.64,395.48,396.19,249500
2023-05-22,396.46,399.81,393.08,398.25,280500
2023-05-23,395.64,402.41,388.55,389.04,212900
2023-05-24,387.13,388.65,384.31,384.58,205800
2023-05-25,384.72,387.63,382.02,385.07,205100
2023-05-26,385.97,388.54,384.2,388.44,234400
2023-05-30,388.13,392.4,384.18,389.86,321200
2023-05-31,389.29,389.86,383.35,384.89,521400
2023-06-01,386.58,391.39,380.96,390.29,246000
2023-06-02,393.93,399.27,393.46,398.81,184800
2023-06-05,397.5,400.64,395.3,398.19,150000
2023-06-06,396.2,402.55,396.2,397.6,174700
2023-06-07,398.6,400.91,395.54,397.54,211200
2023-06-08,397.07,407.0,395.12,403.45,280400
2023-06-09,404.2,405.57,395.63,397.58,350300
2023-06-12,397.4,400.71,397.02,400.28,243500
2023-06-13,400.81,407.46,399.23,406.45,328300
2023-06-14,406.04,412.41,403.31,410.99,252900
2023-06-15,412.75,424.99,412.0,422.32,348100
2023-06-16,424.47,429.98,418.41,420.91,513000
2023-06-20,418.21,426.64,418.21,421.55,501100
2023-06-21,421.4,426.0,419.38,423.34,487200
2023-06-22,417.92,417.92,391.97,404.15,939300
2023-06-23,401.59,405.24,393.74,394.05,671100
2023-06-26,393.03,395.92,391.28,395.66,420300
2023-06-27,396.32,401.46,392.95,400.34,477800
2023-06-28,400.75,400.75,391.25,395.48,328000
2023-06-29,395.41,398.04,393.73,395.55,211400
2023-06-30,397.37,402.3,396.68,400.65,275600
2023-07-03,397.96,398.75,390.83,393.54,200200
2023-07-05,391.97,395.59,388.06,395.45,444000
2023-07-06,392.46,393.68,388.96,391.2,409600
2023-07-07,389.5,391.42,385.28,387.57,350300
2023-07-10,386.74,397.89,385.57,395.43,348400
2023-07-11,395.43,401.88,393.03,400.7,346800
2023-07-12,405.92,409.0,398.75,399.52,421800
2023-07-13,400.14,414.17,400.14,413.84,414300
2023-07-14,414.0,419.22,410.21,410.73,318000
2023-07-17,410.38,420.68,410.38,420.1,339800
2023-07-18,421.95,426.6,421.25,424.36,317100
2023-07-19,424.6,430.66,423.42,425.18,326000
2023-07-20,425.74,429.79,422.57,429.6,362600
2023-07-21,430.25,433.14,427.59,431.94,283400
2023-07-24,431.91,436.8,430.35,436.74,340900
2023-07-25,436.0,442.35,436.0,439.24,290900
2023-07-26,438.27,441.0,435.1,440.42,265000
2023-07-27,441.58,442.0,434.86,435.44,343000
2023-07-28,439.35,439.35,433.16,436.51,286200
2023-07-31,436.6,438.67,433.39,435.04,366300
2023-08-01,433.22,435.32,430.7,433.59,286700
2023-08-02,430.04,437.47,429.93,434.1,353600
2023-08-03,433.34,437.2,430.66,431.04,373700
2023-08-04,431.8,432.34,421.58,422.09,245100
2023-08-07,422.91,426.69,420.09,424.79,272800
2023-08-08,422.08,422.14,415.35,420.34,245500
2023-08-09,420.36,423.82,418.58,421.98,246100
2023-08-10,424.55,426.96,421.29,422.39,197300
2023-08-11,421.18,426.52,419.87,423.98,157100
2023-08-14,424.43,426.66,423.34,425.42,103200
2023-08-15,423.17,424.8,420.97,423.67,137900
2023-08-16,422.9,428.9,422.27,425.1,151700
2023-08-17,425.77,431.84,425.43,430.39,279700
2023-08-18,427.89,432.34,426.41,429.4,265300
2023-08-21,428.52,430.39,425.07,430.0,189300
2023-08-22,430.94,432.92,427.81,430.02,179500
2023-08-23,431.44,438.5,430.05,437.55,203800
2023-08-24,438.84,445.37,437.5,440.47,292400
2023-08-25,439.12,442.96,429.3,429.57,306600
2023-08-28,430.59,433.37,427.28,429.05,212600
2023-08-29,427.79,431.47,426.34,430.81,219300
2023-08-30,429.47,435.58,429.47,434.95,157900
2023-08-31,435.56,440.21,435.56,436.41,265600
2023-09-01,438.78,439.22,433.65,435.48,196300
2023-09-05,434.59,436.34,432.31,432.52,183000
2023-09-06,431.71,437.22,429.95,430.51,223800
2023-09-07,429.49,432.05,427.95,430.92,209500
2023-09-08,431.0,433.63,426.52,429.0,217300
2023-09-11,430.43,430.88,424.98,426.44,213100
2023-09-12,425.53,427.57,422.11,423.52,191400
2023-09-13,424.34,429.2,420.64,429.14,229000
2023-09-14,430.6,432.4,426.79,431.66,220800
2023-09-15,429.62,434.81,426.69,427.67,443800
2023-09-18,427.47,431.99,426.63,429.18,268200
2023-09-19,428.66,430.62,424.02,426.31,321700
2023-09-20,428.2,429.81,423.42,423.77,424200
2023-09-21,421.89,448.93,420.0,426.76,848800
2023-09-22,421.26,438.48,420.56,435.82,428900
2023-09-25,434.85,438.23,430.25,436.97,298500
2023-09-26,434.31,437.46,431.96,432.09,251200
2023-09-27,434.12,435.21,428.81,435.19,257500
2023-09-28,436.41,445.0,435.44,441.86,327200
2023-09-29,444.02,446.66,436.69,437.26,275400
2023-10-02,435.85,440.93,432.35,436.07,235300
2023-10-03,434.86,438.62,432.97,435.73,363900
2023-10-04,437.24,447.69,437.24,447.3,332100
2023-10-05,447.45,452.6,446.7,449.19,325100
2023-10-06,447.43,455.31,446.02,452.31,184000
2023-10-09,451.35,455.54,450.56,451.42,252500
2023-10-10,451.16,456.59,451.16,453.34,203400
2023-10-11,452.95,458.46,452.95,456.87,215700
2023-10-12,458.88,458.88,447.03,447.32,263300
2023-10-13,449.75,450.94,443.66,446.63,188900
2023-10-16,449.11,451.65,446.39,447.91,180300
2023-10-17,446.66,453.4,446.66,450.07,211000
2023-10-18,448.8,450.35,442.67,443.8,190800
2023-10-19,443.03,446.14,436.84,436.87,216500
2023-10-20,437.69,438.0,429.29,430.12,178000
2023-10-23,428.11,436.26,427.16,431.68,166700
2023-10-24,433.04,435.36,426.0,429.91,139900
2023-10-25,428.53,431.48,423.51,424.18,185200
2023-10-26,424.75,433.07,424.75,429.06,159000
2023-10-27,428.6,428.6,419.19,420.42,184800
2023-10-30,422.88,429.4,420.19,427.25,207400
2023-10-31,428.06,433.97,425.33,431.89,347700
2023-11-01,433.78,437.22,432.3,436.57,127600
2023-11-02,438.92,443.94,437.5,442.26,187400
2023-11-03,445.19,450.55,443.01,443.79,214900
2023-11-06,442.71,446.64,439.54,446.57,206900
2023-11-07,447.2,451.34,443.8,448.87,266200
2023-11-08,448.78,449.49,445.18,445.73,210000
2023-11-09,447.92,450.79,443.58,448.55,170100
2023-11-10,450.55,454.46,445.91,453.02,170200
2023-11-13,449.84,454.14,448.75,453.46,171400
2023-11-14,457.5,463.31,456.39,459.43,173900
2023-11-15,456.85,463.7,456.85,458.54,161800
2023-11-16,459.72,466.03,459.72,464.28,169500
2023-11-17,465.73,465.73,456.01,457.34,190700
2023-11-20,457.8,457.8,452.68,456.0,179500
2023-11-21,457.37,461.26,455.89,457.41,228100
2023-11-22,458.61,462.25,455.29,457.76,171300
2023-11-24,458.63,462.07,454.94,460.11,95500
2023-11-27,459.42,461.9,458.21,460.28,178400
2023-11-28,459.92,463.81,456.54,456.54,140800
2023-11-29,457.26,460.42,452.43,454.39,247900
2023-11-30,454.67,455.24,450.18,453.46,734800
2023-12-01,452.79,455.26,450.53,455.17,239800
2023-12-04,451.09,455.94,448.91,454.3,251000
2023-12-05,453.56,453.56,442.59,446.5,253400
2023-12-06,448.37,450.69,441.47,443.54,229400
2023-12-07,444.01,445.61,441.49,442.14,210700
2023-12-08,439.96,444.64,439.03,443.89,228800
2023-12-11,444.99,450.64,444.99,449.14,230800
2023-12-12,449.61,453.43,446.95,453.2,299600
2023-12-13,455.48,461.85,454.59,458.98,300700
2023-12-14,458.94,461.66,452.6,454.0,321500
2023-12-15,450.5,460.84,450.5,456.96,651100
2023-12-18,459.46,460.18,455.19,458.48,358900
2023-12-19,445.0,468.72,441.15,448.65,561000
2023-12-20,445.44,461.73,444.3,452.32,435400
2023-12-21,454.86,471.36,453.84,470.18,485300
2023-12-22,472.68,475.0,465.62,469.13,250700
2023-12-26,466.45,472.83,466.45,472.31,181300
2023-12-27,472.64,474.73,470.77,474.21,162900
2023-12-28,475.34,478.6,473.36,476.79,226700
2023-12-29,473.3,478.35,473.3,477.05,148800
2024-01-02,464.12,471.74,450.5,462.74,301500
2024-01-03,462.43,463.39,454.14,454.72,244000
2024-01-04,453.53,460.64,451.96,458.16,163100
2024-01-05,458.25,460.0,454.99,456.58,182700
2024-01-08,459.26,460.08,454.26,458.76,183600
2024-01-09,456.49,460.09,454.28,454.51,152200
2024-01-10,455.59,463.25,454.84,462.77,233700
2024-01-11,463.97,465.45,459.22,464.96,214200
2024-01-12,467.65,469.22,463.07,466.56,147200
2024-01-16,465.0,465.84,460.14,462.23,176900
2024-01-17,461.12,465.47,458.29,458.42,136900
2024-01-18,460.49,462.46,458.08,461.18,148000
2024-01-19,463.53,465.06,459.44,463.45,204600
2024-01-22,464.12,468.81,463.78,467.77,166500
2024-01-23,468.71,471.66,468.03,470.91,163400
2024-01-24,472.56,473.69,469.85,470.85,155800
2024-01-25,469.0,473.91,465.27,471.08,180800
2024-01-26,472.23,472.92,469.58,470.67,129000
2024-01-29,468.43,472.8,465.67,472.7,167700
2024-01-30,472.59,479.7,472.59,479.24,136000
2024-01-31,480.0,482.51,474.59,475.92,254300
2024-02-01,476.02,484.57,474.26,484.57,174600
2024-02-02,480.19,487.79,479.44,486.77,210700
2024-02-05,484.21,485.91,476.26,477.4,205000
2024-02-06,477.78,480.29,474.81,477.41,180900
2024-02-07,480.0,483.91,477.48,483.06,165000
2024-02-08,482.26,482.26,468.14,470.06,231300
2024-02-09,469.97,477.65,469.97,477.59,196900
2024-02-12,477.24,477.74,468.88,471.22,238100
2024-02-13,465.91,466.76,458.66,463.33,286500
2024-02-14,465.23,468.02,456.93,461.78,252500
2024-02-15,464.43,466.72,460.13,464.02,238500
2024-02-16,463.56,465.67,456.33,458.42,455500
2024-02-20,457.37,458.43,451.81,456.86,184400
2024-02-21,457.24,457.24,451.72,453.35,187500
2024-02-22,457.18,460.79,454.65,458.87,192000
2024-02-23,460.18,464.26,460.02,463.47,144300
2024-02-26,462.99,465.02,458.8,459.07,142900
2024-02-27,459.0,461.84,456.85,461.54,183100
2024-02-28,460.2,466.46,460.2,465.99,201800
2024-02-29,466.82,468.0,460.05,462.58,327400
2024-03-01,461.55,462.95,457.04,461.32,236100
2024-03-04,461.48,468.25,461.48,464.98,189400
2024-03-05,462.67,466.78,461.89,464.33,260900
2024-03-06,464.32,465.21,459.0,464.95,167400
2024-03-07,467.69,469.93,464.88,467.26,155400
2024-03-08,468.08,470.91,464.54,466.12,152100
2024-03-11,467.87,477.37,465.62,476.85,219900
2024-03-12,477.15,484.49,474.98,480.2,224800
2024-03-13,480.37,486.73,478.46,481.62,227500
2024-03-14,481.0,483.51,474.52,478.88,225700
2024-03-15,472.95,478.65,472.94,475.96,286000
2024-03-18,477.76,482.31,475.98,477.66,222900
2024-03-19,479.82,486.09,479.75,481.87,289400
2024-03-20,483.0,488.64,481.16,487.9,418400
2024-03-21,474.26,479.0,449.06,450.66,903400
2024-03-22,448.01,450.64,440.95,447.46,456100
2024-03-25,447.86,447.86,436.25,444.73,359700
2024-03-26,445.58,446.69,443.14,443.86,282900
2024-03-27,447.45,447.71,443.18,447.38,312500
2024-03-28,449.12,455.22,447.64,454.39,360300
2024-04-01,452.1,452.95,442.58,442.88,234300
2024-04-02,441.09,441.22,437.44,439.6,306700
2024-04-03,437.46,440.11,432.77,435.86,391400
2024-04-04,438.38,440.63,432.76,433.29,262100
2024-04-05,434.19,434.85,431.26,433.17,216200
2024-04-08,432.88,443.86,432.88,440.27,367600
2024-04-09,442.9,443.31,437.3,439.68,225100
2024-04-10,436.11,437.11,428.43,428.67,202800
2024-04-11,425.89,429.7,424.57,427.27,316100
2024-04-12,423.9,426.76,422.13,426.24,241200
2024-04-15,430.22,430.98,422.03,424.09,295500
2024-04-16,424.77,427.83,424.46,427.06,279200
2024-04-17,430.33,432.82,428.36,429.25,247700
2024-04-18,430.66,431.55,424.65,429.46,167000
2024-04-19,431.52,435.82,429.38,434.02,296800
2024-04-22,437.04,441.63,435.44,438.43,286400
2024-04-23,437.88,437.88,418.12,419.94,362800
2024-04-24,417.53,423.96,417.03,422.83,298300
2024-04-25,422.0,422.56,418.29,418.71,180100
2024-04-26,417.82,423.23,417.82,421.47,185100
2024-04-29,421.21,425.93,421.21,422.94,207000
2024-04-30,421.31,422.48,416.5,416.89,254000
2024-05-01,415.26,424.96,415.26,419.57,238400
2024-05-02,423.56,425.78,417.25,423.36,217300
2024-05-03,426.3,431.28,425.79,428.25,197400
2024-05-06,431.5,436.54,429.21,436.08,199900
2024-05-07,434.83,438.41,434.78,435.46,211100
2024-05-08,435.1,436.98,431.06,433.9,170400
2024-05-09,433.61,436.49,431.64,435.98,226200
2024-05-10,438.48,440.24,435.84,439.16,158900
2024-05-13,440.27,444.08,438.52,440.03,146100
2024-05-14,442.32,443.07,438.03,441.51,211300
2024-05-15,442.91,447.96,442.71,445.37,192800
2024-05-16,444.65,448.46,444.65,445.52,186900
2024-05-17,447.66,449.59,444.01,448.88,453300
2024-05-20,448.88,452.72,447.86,452.48,153000
2024-05-21,452.38,452.47,448.37,449.93,184400
2024-05-22,448.48,450.95,445.65,447.79,184800
2024-05-23,446.97,447.59,436.28,436.36,261000
2024-05-24,437.5,438.45,432.93,436.04,166300
2024-05-28,433.82,433.82,424.77,427.05,247200
2024-05-29,423.83,427.48,417.62,417.68,313600
2024-05-30,412.75,412.75,404.54,406.49,398100
2024-05-31,405.73,405.73,401.47,404.26,577600
2024-06-03,400.0,406.0,393.33,394.89,490900
2024-06-04,394.22,400.93,394.22,396.15,273600
2024-06-05,396.18,402.19,391.84,401.12,260200
2024-06-06,400.27,410.12,399.03,410.1,315200
2024-06-07,410.05,411.79,406.93,409.93,197400
2024-06-10,409.52,409.85,405.74,406.24,343800
2024-06-11,405.56,408.29,403.16,408.26,237500
2024-06-12,410.25,411.23,404.73,406.2,182400
2024-06-13,405.07,405.54,399.09,402.79,162900
2024-06-14,399.7,403.01,399.44,401.74,204100
2024-06-17,399.79,407.01,399.49,406.73,339600
2024-06-18,406.2,410.42,404.51,407.17,420400
2024-06-20,409.71,411.89,406.78,408.35,548200
2024-06-21,420.61,430.0,413.04,423.73,975800
2024-06-24,423.97,435.38,421.31,424.89,632300
2024-06-25,424.6,427.9,418.19,419.2,390400
2024-06-26,415.64,417.56,407.73,415.66,358500
2024-06-27,415.26,418.34,413.19,415.0,310900
2024-06-28,415.05,417.02,405.88,408.27,1081000
2024-07-01,408.98,412.67,406.89,411.16,300700
2024-07-02,411.31,416.53,411.31,416.01,269800
2024-07-03,415.15,419.98,414.29,416.76,135700
2024-07-05,417.02,423.97,413.62,423.41,215700
2024-07-08,425.0,425.0,415.11,417.87,237300
2024-07-09,418.39,419.83,410.09,411.74,194200
2024-07-10,411.53,415.84,410.48,414.65,185300
2024-07-11,416.07,419.77,414.63,419.1,129200
2024-07-12,421.11,426.87,420.78,423.9,171400
2024-07-15,425.24,429.14,424.31,428.54,144400
2024-07-16,429.78,443.76,428.82,442.24,277100
2024-07-17,440.29,446.77,438.7,440.91,335300
2024-07-18,439.13,443.16,431.29,431.63,190100
2024-07-19,433.34,433.34,417.1,424.32,306100
2024-07-22,426.21,429.35,421.4,429.25,249200
2024-07-23,426.87,427.35,405.89,416.14,312800
2024-07-24,411.0,415.56,401.21,403.21,375600
2024-07-25,407.0,417.92,406.34,411.66,212400
2024-07-26,412.79,419.84,412.57,415.33,213700
2024-07-29,414.55,416.08,411.11,411.3,283300
2024-07-30,413.33,417.37,410.44,416.82,270500
2024-07-31,417.03,417.37,410.2,413.09,377100
2024-08-01,412.75,414.16,406.58,408.71,207200
2024-08-02,409.45,414.74,406.72,414.56,207700
2024-08-05,410.64,410.64,401.72,401.84,205600
2024-08-06,402.99,409.66,402.99,404.66,178400
2024-08-07,406.09,413.22,400.76,401.19,253100
2024-08-08,400.0,405.64,400.0,403.78,246700
2024-08-09,403.45,404.29,400.1,403.03,133800
2024-08-12,403.8,404.52,395.89,397.04,131400
2024-08-13,399.11,402.67,399.11,401.06,165900
2024-08-14,401.06,404.71,398.47,404.33,193400
2024-08-15,406.02,408.85,404.15,408.72,167800
2024-08-16,407.69,412.96,407.61,410.87,192800
2024-08-19,410.44,416.44,408.64,413.04,283400
2024-08-20,411.77,413.0,410.38,412.29,207400
2024-08-21,411.55,416.44,410.75,412.43,195800
2024-08-22,412.52,412.52,406.64,407.99,167500
2024-08-23,411.22,412.07,407.48,408.97,206800
2024-08-26,411.37,415.83,409.35,410.29,169600
2024-08-27,408.97,412.9,408.97,411.71,237400
2024-08-28,411.53,415.08,410.27,413.26,253500
2024-08-29,416.22,418.99,415.51,417.63,145600
2024-08-30,417.49,423.12,414.89,422.84,406100
2024-09-03,416.59,429.21,416.59,426.65,485800
2024-09-04,428.12,434.92,426.96,430.57,325900
2024-09-05,431.54,431.68,424.24,427.01,241000
2024-09-06,427.76,430.53,421.57,424.03,226200
2024-09-09,426.37,429.62,422.97,428.9,426600
2024-09-10,428.33,441.66,427.95,440.73,469100
2024-09-11,439.08,439.08,425.79,437.54,508800
2024-09-12,438.36,440.34,432.34,439.88,274900
2024-09-13,441.48,446.14,439.37,445.36,422700
2024-09-16,447.15,457.8,446.69,453.98,477800
2024-09-17,455.4,457.59,448.15,448.28,467600
2024-09-18,448.48,450.38,444.97,446.81,437500
2024-09-19,464.56,475.25,451.8,469.48,671000
2024-09-20,465.0,470.0,457.52,465.91,583100
2024-09-23,466.8,471.5,465.42,468.73,310700
2024-09-24,469.18,469.18,461.43,463.77,245200
2024-09-25,465.54,465.54,455.32,457.81,312600
2024-09-26,456.15,461.61,454.07,455.67,297300
2024-09-27,458.94,460.68,456.94,458.49,194600
2024-09-30,459.41,460.57,456.42,459.85,177400
2024-10-01,455.09,458.21,450.64,454.98,195700
2024-10-02,454.28,458.46,453.89,457.01,184300
2024-10-03,454.03,459.51,453.15,459.09,164400
2024-10-04,462.3,462.3,454.13,457.0,178900
2024-10-07,455.61,455.61,448.81,449.74,194100
2024-10-08,450.96,457.43,450.25,456.83,235500
2024-10-09,452.16,458.55,452.16,455.72,205800
2024-10-10,454.11,459.19,452.62,454.03,143300
2024-10-11,455.39,457.66,449.18,456.81,207000
2024-10-14,458.27,463.09,456.29,461.85,168300
2024-10-15,464.55,475.37,464.55,469.11,204200
2024-10-16,468.01,474.29,467.88,470.46,285800
2024-10-17,473.49,474.83,468.55,472.47,217900
2024-10-18,474.06,474.06,470.48,471.53,255900
2024-10-21,469.47,470.15,466.67,468.93,173800
2024-10-22,466.99,466.99,462.88,465.07,149500
2024-10-23,465.47,467.98,461.84,463.77,189700
2024-10-24,463.63,463.63,456.58,456.63,254200
2024-10-25,459.37,460.02,453.38,454.94,200000
2024-10-28,458.37,460.06,456.68,459.29,159000
2024-10-29,459.37,465.33,456.3,460.09,210500
2024-10-30,460.71,464.39,453.52,453.8,212200
2024-10-31,453.8,458.69,452.9,454.06,261400
2024-11-01,453.68,459.69,452.02,458.8,190200
2024-11-04,457.94,461.96,454.27,461.81,219400
2024-11-05,461.58,469.46,461.26,467.96,225300
2024-11-06,476.82,481.48,467.24,478.47,366400
2024-11-07,479.12,481.59,472.43,473.88,263400
2024-11-08,474.93,481.66,473.9,477.46,256100
2024-11-11,478.96,484.54,478.96,481.85,261900
2024-11-12,480.41,487.0,479.62,484.27,357900
2024-11-13,483.74,494.07,483.13,490.83,339700
2024-11-14,490.97,499.87,487.55,495.72,379600
2024-11-15,493.56,494.77,481.1,483.9,375400
2024-11-18,482.88,489.65,482.88,485.93,209200
2024-11-19,484.35,485.49,480.31,481.4,175400
2024-11-20,483.68,483.68,472.24,474.44,261000
2024-11-21,476.68,486.57,474.34,485.77,257500
2024-11-22,488.78,491.22,485.17,487.62,148600
2024-11-25,491.53,495.63,486.44,491.05,513100
2024-11-26,490.37,496.02,487.83,490.98,230700
2024-11-27,492.59,492.59,487.74,489.5,173900
2024-11-29,490.29,493.81,489.6,490.67,120200
2024-12-02,489.18,491.6,485.41,489.47,209700
2024-12-03,489.0,489.85,485.33,485.52,208000
2024-12-04,484.45,488.0,483.11,483.56,155900
2024-12-05,483.87,483.93,477.95,478.37,192700
2024-12-06,478.34,483.39,477.84,479.97,203400
2024-12-09,478.67,481.87,474.99,477.76,213900
2024-12-10,477.64,486.7,474.54,483.78,186400
2024-12-11,484.64,490.87,484.64,490.04,264800
2024-12-12,488.39,493.15,486.87,488.61,239200
2024-12-13,487.38,490.47,483.97,488.74,240600
2024-12-16,489.0,492.75,485.98,487.59,334400
2024-12-17,485.77,490.66,482.9,488.81,437700
2024-12-18,488.34,494.25,471.82,473.05,616600
2024-12-19,459.15,496.9,459.15,489.73,666200
2024-12-20,484.59,485.68,470.33,483.52,922800
2024-12-23,480.02,489.83,480.02,489.34,264300
2024-12-24,489.89,492.0,487.7,491.35,110700
2024-12-26,487.77,492.96,487.43,491.61,163900
2024-12-27,490.16,493.0,482.85,486.56,155200
2024-12-30,480.44,486.26,477.08,482.68,205200
2024-12-31,482.68,487.4,479.22,480.28,159100
2025-01-02,484.33,484.33,475.31,476.51,177200
2025-01-03,477.13,478.6,473.56,475.06,158700
2025-01-06,473.68,474.91,465.18,466.03,299200
2025-01-07,466.85,470.25,458.52,460.68,266100
2025-01-08,457.56,461.07,457.09,458.46,415300
2025-01-10,450.49,455.99,446.99,453.02,320000
2025-01-13,449.72,456.51,449.72,454.86,271100
2025-01-14,457.31,457.31,450.85,454.17,279300
2025-01-15,461.0,462.06,449.51,453.98,477900
2025-01-16,455.4,460.91,449.94,459.97,265100
2025-01-17,458.75,464.81,458.75,462.99,388300
2025-01-21,465.0,468.8,463.92,466.14,250000
2025-01-22,465.0,465.84,462.36,464.77,341100
2025-01-23,465.07,465.38,460.94,464.38,277600
2025-01-24,464.36,467.41,463.69,467.12,217300
2025-01-27,467.67,476.83,461.35,475.43,334000
2025-01-28,470.0,477.02,465.69,470.62,375000
2025-01-29,467.89,471.45,462.92,464.63,250000
2025-01-30,470.07,474.86,468.97,472.12,219500
2025-01-31,470.99,477.92,469.53,474.41,1350200
2025-02-03,469.14,474.32,464.11,469.81,336100
2025-02-04,468.09,472.67,466.59,466.84,240900
2025-02-05,467.26,468.93,463.37,468.82,178600
2025-02-06,470.26,471.71,467.53,469.28,207600
2025-02-07,472.57,473.81,465.0,466.79,221900
2025-02-10,472.47,472.47,459.13,460.66,222100
2025-02-11,457.8,458.3,450.51,454.28,281100
2025-02-12,449.88,454.66,448.18,454.21,212100
2025-02-13,456.54,460.21,454.76,459.39,224400
2025-02-14,459.13,462.42,456.0,456.09,190400
2025-02-18,456.07,461.2,452.88,460.1,198900
2025-02-19,457.92,467.08,455.66,466.18,218300
2025-02-20,463.67,466.77,461.47,466.13,162800
2025-02-21,464.9,465.27,458.1,461.78,161600
2025-02-24,461.95,465.88,459.73,461.56,184400
2025-02-25,462.74,465.41,461.27,462.94,247500
2025-02-26,460.31,463.36,453.09,453.68,201000
2025-02-27,454.17,458.75,453.23,454.71,192100
2025-02-28,456.38,462.34,453.02,461.74,292600
2025-03-03,464.79,466.74,456.17,458.09,229200
2025-03-04,454.43,457.95,442.44,444.72,284100
2025-03-05,443.11,449.04,440.89,445.42,271600
2025-03-06,440.24,444.91,437.82,441.7,228700
2025-03-07,437.14,442.25,431.68,440.73,248900
2025-03-10,438.03,451.62,437.53,442.91,296800
2025-03-11,442.36,448.69,430.0,431.17,365200
2025-03-12,431.66,433.16,423.61,429.87,292100
2025-03-13,430.74,432.68,425.34,427.5,242000
2025-03-14,429.2,437.06,428.71,436.85,242600
2025-03-17,435.02,442.02,433.96,439.65,337000
2025-03-18,438.71,441.82,434.97,439.82,234400
2025-03-19,438.54,442.92,435.95,438.4,530100
2025-03-20,435.76,449.47,423.81,430.93,587500
2025-03-21,425.78,433.5,423.56,432.86,541000
2025-03-24,435.59,440.57,431.48,432.11,340000
2025-03-25,435.52,440.76,433.12,439.4,266000
2025-03-26,441.43,442.99,438.54,441.24,244300
2025-03-27,442.74,451.12,442.21,449.23,287500
2025-03-28,450.0,452.08,445.13,448.76,312800
2025-03-31,448.07,456.01,444.81,454.64,399200
2025-04-01,454.86,460.39,452.39,457.01,263500
2025-04-02,456.51,456.51,448.24,451.72,375300
2025-04-03,442.75,454.17,436.68,437.15,338600
2025-04-04,433.67,439.26,414.55,416.19,769300
2025-04-07,423.47,423.47,400.55,405.58,554600
2025-04-08,417.19,417.19,394.11,398.85,311700
2025-04-09,395.21,428.42,391.69,426.82,457500
2025-04-10,421.65,423.09,407.24,416.69,294900
2025-04-11,414.07,428.47,405.05,425.44,266500
2025-04-14,431.75,436.65,426.04,433.0,269500
2025-04-15,434.06,437.99,432.72,436.23,395700
2025-04-16,434.0,435.16,425.13,427.23,243100
2025-04-17,426.8,430.93,425.67,427.05,255300
2025-04-21,423.72,423.72,409.2,413.03,210700
2025-04-22,416.0,425.6,416.0,423.96,222100
2025-04-23,428.41,436.73,424.07,425.52,253200
2025-04-24,425.99,430.79,423.65,428.15,174200
2025-04-25,427.01,428.0,423.08,424.47,151600
2025-04-28,426.94,428.66,420.0,422.9,227300
2025-04-29,423.22,429.6,421.61,428.71,209500
2025-04-30,425.57,433.0,422.48,432.22,285200
2025-05-01,431.09,434.62,429.69,429.89,223900
2025-05-02,435.62,437.99,431.71,434.56,234600
2025-05-05,432.94,437.61,431.63,433.09,127000
2025-05-06,430.4,435.14,429.28,429.82,243900
2025-05-07,431.27,442.31,424.99,440.2,341900
2025-05-08,441.0,452.74,438.57,448.49,357200
2025-05-09,449.08,455.48,448.51,454.62,384900
2025-05-12,460.47,461.28,453.88,456.4,330600
2025-05-13,457.98,462.22,450.8,451.43,360800
2025-05-14,451.87,461.5,447.59,459.87,371400
2025-05-15,461.38,469.43,461.38,469.41,425700
2025-05-16,469.15,474.79,466.09,473.32,679100
2025-05-19,470.14,473.33,466.77,470.39,240000
2025-05-20,467.87,471.92,465.84,470.16,326600
2025-05-21,468.39,471.64,463.31,464.31,352400
2025-05-22,461.77,465.23,459.85,463.99,267000
2025-05-23,458.66,465.4,458.66,462.8,171300
2025-05-27,465.32,469.44,461.88,462.99,309700
2025-05-28,468.6,468.6,459.98,460.27,219800
2025-05-29,458.89,465.81,443.14,465.57,167600
2025-05-30,464.42,464.56,450.78,458.26,554100
2025-06-02,454.58,457.2,448.66,456.56,271400
2025-06-03,454.84,455.73,431.16,434.52,818600
2025-06-04,435.36,438.9,433.31,433.79,568300
2025-06-05,434.32,435.99,430.63,431.48,306800
2025-06-06,433.63,435.19,429.25,432.35,225600
2025-06-09,431.98,431.98,421.15,426.76,223500
2025-06-10,426.76,427.88,423.82,425.6,205700
2025-06-11,425.34,426.19,421.34,423.38,248400
2025-06-12,421.79,424.92,420.0,424.17,506900
2025-06-13,421.25,424.15,418.22,419.9,326000
2025-06-16,423.03,426.01,419.72,421.3,338800
2025-06-17,417.6,424.94,417.6,423.7,520800
2025-06-18,424.1,428.47,421.74,425.04,389000
2025-06-20,425.82,428.36,419.61,422.34,763300
2025-06-23,438.16,445.83,430.2,437.03,763500
2025-06-24,437.8,439.93,428.5,437.6,594100
2025-06-25,435.9,441.03,429.83,439.87,291900
2025-06-26,441.84,442.6,437.0,437.03,306100
2025-06-27,438.33,448.33,434.96,441.43,713000
2025-06-30,441.43,449.07,438.22,447.28,267000
2025-07-01,445.12,451.08,442.75,450.3,201000
2025-07-02,448.9,450.63,443.75,447.71,191300
2025-07-03,447.61,450.48,445.3,447.94,185700
2025-07-07,447.94,450.33,444.87,447.89,260600
2025-07-08,446.97,449.74,441.24,444.57,310600
2025-07-09,444.0,447.83,439.84,447.81,146800
2025-07-10,444.62,453.0,444.62,449.98,255300
2025-07-11,448.38,450.0,444.66,446.21,232200
2025-07-14,446.35,453.41,439.01,440.01,498500
2025-07-15,440.01,441.43,433.53,434.15,347600
2025-07-16,434.8,437.38,429.96,436.33,252100
2025-07-17,436.13,438.97,432.86,436.57,218500
2025-07-18,436.99,439.11,431.91,432.32,421300
2025-07-21,432.71,432.88,422.8,423.08,274800
2025-07-22,422.05,427.0,413.88,417.23,328400
2025-07-23,416.37,418.15,413.44,416.26,310800
2025-07-24,414.59,422.82,412.0,421.46,303900
2025-07-25,420.49,424.62,415.93,419.54,348100
2025-07-28,417.54,419.22,413.7,414.14,243000
2025-07-29,416.47,417.31,411.26,415.49,292400
2025-07-30,416.12,418.06,407.28,409.16,332900
2025-07-31,408.06,409.16,390.83,402.9,946900
2025-08-01,403.14,404.09,389.08,391.33,470200
2025-08-04,393.52,398.5,391.57,396.16,374500
2025-08-05,396.53,398.0,383.27,387.51,531500
2025-08-06,388.08,392.46,385.07,391.91,462200
2025-08-07,394.33,396.06,384.58,386.67,246700
2025-08-08,387.51,389.96,381.3,382.43,219000
2025-08-11,382.4,384.49,376.84,377.57,405400
2025-08-12,378.34,378.34,368.04,370.74,481900
2025-08-13,371.77,378.55,367.36,376.2,543000
2025-08-14,376.04,379.1,372.48,374.96,275600
2025-08-15,376.05,376.18,368.99,369.62,491800
2025-08-18,370.0,371.72,365.76,371.15,465000
2025-08-19,369.52,375.59,369.52,374.1,505700
2025-08-20,376.71,387.75,374.46,387.64,761900
2025-08-21,384.95,387.21,375.37,376.96,464000
2025-08-22,378.37,385.63,373.48,381.62,380100
2025-08-25,381.04,386.33,380.02,382.65,432900
2025-08-26,381.62,386.52,375.15,380.0,506300
2025-08-27,379.0,384.33,378.93,380.22,403000
2025-08-28,380.05,381.68,374.82,375.77,298500
2025-08-29,374.87,375.53,371.38,373.32,334700
2025-09-02,371.93,372.88,362.41,368.88,499000
2025-09-03,367.37,371.03,365.62,370.8,297600
2025-09-04,372.06,372.06,366.12,369.48,348300
2025-09-05,370.39,373.1,368.55,371.01,313600
2025-09-08,371.53,377.07,369.44,375.34,500500
2025-09-09,372.8,375.5,368.7,372.86,399600
2025-09-10,371.53,371.53,360.82,361.76,437700
2025-09-11,363.36,370.61,362.34,370.5,454300
2025-09-12,370.01,370.98,361.73,361.84,444400
2025-09-15,363.33,364.83,343.6,344.43,842800
2025-09-16,344.14,346.28,341.79,345.19,639700
2025-09-17,345.94,348.39,332.8,336.04,1082500
2025-09-18,338.53,338.53,297.86,301.23,2608100
2025-09-19,304.5,304.75,288.84,289.15,1781600
2025-09-22,294.5,301.75,293.86,295.63,1391600
2025-09-23,296.4,296.77,286.52,288.41,1100000
2025-09-24,288.0,291.22,284.39,286.16,934600
2025-09-25,286.9,287.69,282.01,283.86,670700
2025-09-26,285.24,292.02,284.42,289.69,546700
2025-09-29,291.02,292.11,287.3,290.67,656200
2025-09-30,290.0,290.39,284.16,286.49,592400
2025-10-01,287.13,289.13,282.0,286.73,725000
2025-10-02,286.0,289.54,280.2,281.88,766000
2025-10-03,281.7,283.52,280.03,282.33,543200
2025-10-06,283.34,283.74,272.5,275.01,1113300
2025-10-07,276.55,280.05,274.13,276.93,604300
2025-10-08,278.91,281.61,273.85,281.47,688100
2025-10-09,285.45,287.64,280.54,283.08,1141400
2025-10-10,285.0,289.3,281.0,283.13,1170700
2025-10-13,284.33,288.87,283.89,285.99,629200
2025-10-14,285.0,289.46,281.04,285.75,946300
2025-10-15,285.98,291.5,283.2,283.95,481800
2025-10-16,284.0,284.3,275.24,278.01,543100
2025-10-17,278.86,289.48,277.08,286.67,796000
2025-10-20,285.84,292.43,285.84,290.41,821600
2025-10-21,289.9,296.8,285.5,294.11,919100
2025-10-22,292.54,294.95,289.2,289.92,672600
2025-10-23,289.92,292.21,286.38,286.84,739800
2025-10-24,289.62,289.62,284.75,285.3,793100
2025-10-27,287.57,291.86,285.66,290.33,728200
2025-10-28,290.0,293.85,287.03,288.4,601700
2025-10-29,287.06,287.06,266.62,266.89,1219400
2025-10-30,268.65,275.0,266.13,269.04,1049900
2025-10-31,267.65,269.2,265.11,266.8,1474000
2025-11-03,266.29,267.95,260.0,264.57,888500
2025-11-04,265.63,266.43,258.15,264.58,814200
2025-11-05,263.18,264.0,259.78,261.14,693700
2025-11-06,258.16,258.68,250.5,253.62,1405600
2025-11-07,255.12,264.78,254.04,262.6,753600
2025-11-10,261.99,266.58,258.46,265.09,688500
2025-11-11,268.0,274.0,266.22,271.56,707100
2025-11-12,274.0,274.0,268.01,271.88,490700
2025-11-13,269.46,281.98,268.25,277.94,944800
2025-11-14,277.37,280.19,271.38,273.91,677700
2025-11-17,272.26,274.74,270.52,273.65,1138300
2025-11-18,274.26,275.24,269.2,272.11,828300
2025-11-19,272.0,274.0,266.46,267.02,571700
2025-11-20,267.1,275.12,267.1,273.05,638700
2025-11-21,275.09,279.69,273.29,277.02,946200
2025-11-24,273.68,275.9,270.84,271.76,3959800
2025-11-25,276.15,280.88,274.6,278.73,653800
2025-11-26,276.79,280.21,276.79,277.41,451300
2025-11-28,278.73,280.24,276.96,277.27,273100
2025-12-01,275.0,281.85,273.46,277.13,876100
2025-12-02,276.76,279.12,273.0,278.28,615800
2025-12-03,278.13,282.65,276.35,279.15,496900
2025-12-04,281.62,284.12,277.21,278.92,352200
2025-12-05,278.29,291.62,278.01,290.63,1489400
2025-12-08,288.16,290.0,282.45,286.89,870000
2025-12-09,286.47,290.44,286.23,287.56,816900
2025-12-10,288.04,290.19,284.23,288.2,709400
2025-12-11,291.08,297.91,290.72,291.55,615000
2025-12-12,292.65,294.66,289.68,292.47,634700
2025-12-15,292.27,293.39,288.73,292.03,706100
2025-12-16,292.76,293.55,290.14,293.0,756300
2025-12-17,297.05,300.28,294.81,296.13,878300
2025-12-18,302.69,306.1,268.26,273.39,2253800
2025-12-19,277.55,289.64,275.9,288.54,2270600
2025-12-22,288.54,295.43,288.5,290.94,716100
2025-12-23,291.59,291.72,288.89,290.88,421600
2025-12-24,291.32,292.96,287.69,290.09,228500
2025-12-26,290.0,292.7,288.5,292.13,327900
2025-12-29,293.34,295.36,291.17,293.43,475600
2025-12-30,291.69,293.85,290.0,291.4,391300
2025-12-31,290.52,293.69,289.85,290.19,422400
2026-01-02,288.55,289.19,283.02,284.9,682000
2026-01-05,280.57,289.36,280.01,286.36,615500
2026-01-06,286.04,293.37,283.15,292.79,497200
2026-01-07,293.35,295.92,289.46,292.95,363200
2026-01-08,292.15,299.51,290.71,294.17,510200
2026-01-09,296.46,297.36,290.22,294.45,459700
2026-01-12,297.38,300.63,294.88,296.92,395700
2026-01-13,296.94,297.92,286.27,291.77,613700
2026-01-14,291.11,296.04,289.44,295.27,449500
2026-01-15,293.82,296.65,288.98,289.68,537100
2026-01-16,287.73,290.22,282.0,288.6,668100
2026-01-20,285.0,289.54,276.57,277.05,800400
2026-01-21,278.3,285.65,278.0,284.13,458600
2026-01-22,285.55,290.21,285.55,288.79,362100
2026-01-23,289.29,290.75,284.35,286.68,256800
2026-01-26,287.09,288.71,283.75,286.33,293600
2026-01-27,285.16,286.36,265.63,268.66,918900
2026-01-28,268.3,272.68,263.02,269.86,788100
2026-01-29,268.69,272.27,249.68,252.79,1258000
2026-01-30,252.82,257.32,250.4,254.36,1028100
2026-02-02,254.61,256.97,245.34,248.76,957500
2026-02-03,238.5,239.47,220.66,222.62,2296900
2026-02-04,220.01,227.27,213.19,225.43,1551900
2026-02-05,228.93,234.33,201.8,209.18,2317600
2026-02-06,212.88,215.53,206.28,207.32,1265900
2026-02-09,205.27,207.08,201.5,203.22,1276100
2026-02-10,195.5,210.0,191.35,204.81,1825700
2026-02-11,202.54,205.5,192.13,193.76,1348600
2026-02-12,194.19,203.77,190.58,201.95,2185900
2026-02-13,203.82,206.22,198.62,205.79,920700
2026-02-17,201.07,205.0,185.0,190.06,1453500
2026-02-18,191.41,199.52,191.41,197.92,1291300
2026-02-19,197.92,202.0,194.16,198.88,952900
2026-02-20,198.55,201.62,194.29,195.05,746300
2026-02-23,192.91,196.44,189.07,190.26,1179400
2026-02-24,190.15,204.5,189.51,201.49,1477400
2026-02-25,202.0,207.93,195.26,206.62,1146800
2026-02-26,208.55,216.58,207.7,214.27,1162300
2026-02-27,211.01,217.68,208.39,216.81,1208400
2026-03-02,213.59,221.32,212.98,219.94,793600
2026-03-03,217.43,223.81,215.13,222.87,838700
2026-03-04,221.37,228.25,219.37,225.4,961600
2026-03-05,224.61,230.03,220.0,224.92,982300
2026-03-06,222.75,227.08,219.73,225.87,777100
2026-03-09,224.06,225.05,217.0,221.04,892800
2026-03-10,221.16,221.99,207.46,212.01,865300
2026-03-11,213.28,216.02,201.95,205.54,1031700
2026-03-12,206.23,210.88,202.46,203.6,983900
2026-03-13,205.39,208.0,201.67,205.65,690400
2026-03-16,206.1,209.11,203.94,207.46,989200
2026-03-17,209.43,214.88,208.23,209.0,755000
2026-03-18,206.0,210.74,203.83,207.82,904900
2026-03-19,205.74,211.34,203.37,208.84,659700
2026-03-20,208.03,212.42,206.0,209.27,2000300
2026-03-23,211.35,212.91,205.97,208.47,795200
2026-03-24,207.17,207.73,195.9,197.4,792400
2026-03-25,200.0,201.97,191.23,193.88,823000
2026-03-26,193.73,200.0,192.45,196.27,728100
2026-03-27,196.16,200.53,191.63,198.33,957900
2026-03-30,199.69,206.29,198.26,204.55,1356800
2026-03-31,215.7,222.5,210.59,216.99,2220800
2026-04-01,215.86,227.45,214.24,224.86,1689300
2026-04-02,225.05,231.21,222.22,227.68,1012300
2026-04-06,227.54,231.96,224.37,230.94,812800
2026-04-07,230.72,232.55,225.5,227.6,723200
2026-04-08,223.18,226.29,218.64,222.97,1636300
2026-04-09,223.5,224.55,211.57,213.52,1438300
2026-04-10,214.88,216.24,210.26,211.6,1302100
2026-04-13,212.42,226.97,212.42,226.42,1117500
2026-04-14,228.23,229.31,221.63,223.55,848700
2026-04-15,225.68,232.66,225.5,230.75,810500
2026-04-16,231.94,234.35,229.53,231.85,813500
2026-04-17,232.48,233.77,230.41,232.73,765600
2026-04-20,232.31,236.59,230.52,235.88,981700
2026-04-21,237.41,247.33,236.05,240.32,791000
2026-04-22,243.92,245.52,239.41,242.72,716000
2026-04-23,239.52,241.12,222.45,228.08,908500
2026-04-24,227.39,228.95,221.85,224.12,768900
2026-04-27,224.22,229.62,222.9,225.33,587400
2026-04-28,228.12,231.79,225.37,229.56,522800
2026-04-29,233.0,236.17,229.03,232.32,683000
2026-04-30,226.48,228.19,222.01,227.58,973200
2026-05-01,231.65,235.55,227.58,227.58,619800
2026-05-04,226.92,229.98,224.39,224.44,584500
2026-05-05,226.36,227.5,203.43,219.42,1626100
2026-05-06,216.13,217.65,211.61,211.79,823300
2026-05-07,210.9,227.07,210.86,223.98,813700
2026-05-08,221.13,226.38,215.36,223.61,775400
2026-05-11,221.29,224.77,218.11,219.19,553100
2026-05-12,219.83,223.1,214.46,215.92,1154700
2026-05-13,213.3,213.3,198.0,201.87,1153300
2026-05-14,203.03,205.45,198.9,199.86,895500
2026-05-15,203.41,214.31,203.41,212.58,1192400
2026-05-18,212.39,227.71,212.39,224.35,1053900
2026-05-19,229.77,232.44,220.89,221.93,1102600
2026-05-20,218.94,225.62,215.0,223.68,717300
2026-05-21,220.98,226.15,219.3,225.01,590700
2026-05-22,225.63,234.13,225.63,232.0,498800
2026-05-26,229.01,235.96,227.93,230.92,697700
2026-05-27,230.09,237.65,230.02,235.73,690400
2026-05-28,234.24,244.98,234.24,238.9,881500
2026-05-29,237.08,250.98,236.96,245.47,996500
2026-06-01,249.15,272.4,247.64,270.85,1674800
2026-06-02,265.42,265.93,249.24,255.82,1166700
2026-06-03,258.13,258.13,244.09,253.44,792300
2026-06-04,259.49,264.37,254.82,255.02,940900
2026-06-05,257.59,259.0,249.27,255.62,626300
2026-06-08,251.79,256.65,245.59,246.38,1046400
2026-06-09,245.31,251.05,243.77,246.07,671700
2026-06-10,243.2,249.2,238.3,249.08,605700
2026-06-11,251.11,251.11,235.73,236.64,932900
2026-06-12,237.0,243.24,231.15,241.16,2059000
2026-06-15,238.74,247.08,234.66,235.86,579200
2026-06-16,237.77,241.74,235.01,237.56,562600
2026-06-17,234.86,240.57,228.3,228.3,648900
2026-06-18,218.68,223.99,216.56,221.29,1732900
2026-06-22,221.28,223.8,214.22,218.62,940500
2026-06-23,224.0,227.58,216.4,218.15,1055600
2026-06-24,219.4,224.26,215.95,216.45,838000
2026-06-25,216.31,219.46,207.96,208.84,912500
2026-06-26,208.01,232.68,208.01,231.74,1547100
2026-06-29,233.64,236.32,228.0,233.62,1206700
2026-06-30,232.81,235.0,226.86,230.08,1144000
2026-07-01,222.0,254.19,221.25,245.55,1960100
2026-07-02,250.0,254.82,245.81,250.09,1268000
2026-07-06,246.97,255.82,241.33,252.2,1161600
2026-07-07,256.14,261.78,254.04,258.3,753800
2026-07-08,256.32,257.61,247.0,247.82,1029600
2026-07-09,243.89,247.99,236.2,241.9,783100
2026-07-10,244.88,251.43,244.71,247.11,530000
2026-07-13,252.81,263.34,250.26,263.11,929600
2026-07-14,253.66,255.74,248.62,252.61,888600
2026-07-15,256.87,260.57,250.52,251.19,592800
2026-07-16,255.37,263.79,253.16,262.46,840600
2026-07-17,261.22,269.79,255.48,258.09,1410400
2026-07-20,254.99,259.71,251.7,255.79,801300
2026-07-21,247.01,253.54,242.55,246.95,780300
2026-07-22,251.18,251.36,244.73,245.21,462900
2026-07-23,245.5,245.5,240.11,243.96,607900
2026-07-24,247.52,256.1,246.02,254.36,824100
2026-07-27,260.22,270.31,256.27,265.9,1759200
2026-07-28,269.49,287.89,269.49,283.87,1642600
2026-07-29,283.66,295.58,281.35,282.04,1298800
2026-07-30,274.18,279.39,261.89,263.03,1148400
2026-07-31,261.21,264.37,254.99,263.2,674300
2026-08-03,269.99,276.51,266.39,269.68,497900
2026-08-04,264.57,276.5,264.49,274.49,824600
2026-08-05,280.55,280.55,273.24,278.03,729100
2026-08-06,276.89,278.91,272.0,274.58,851500
2026-08-07,275.75,286.73,275.75,285.57,941000
2026-08-10,282.56,287.83,282.14,284.12,703000
2026-08-11,281.1,284.96,277.0,282.95,461400
2026-08-12,277.9,282.91,274.33,277.99,478300
2026-08-13,277.76,289.45,274.5,287.18,686900
2026-08-14,288.57,288.57,278.82,283.49,1324500
2026-08-17,281.5,282.22,274.95,276.76,343500
2026-08-18,280.3,290.88,278.79,285.41,639400
2026-08-19,285.92,302.67,285.45,298.1,689700
2026-08-20,297.65,304.3,293.58,300.06,958200
2026-08-21,298.57,302.22,296.56,299.91,499300
2026-08-24,299.85,308.47,298.95,305.31,649500
2026-08-25,298.96,303.26,295.7,296.08,2059800
2026-08-26,291.47,298.0,290.44,295.45,831700
2026-08-27,296.7,309.39,290.31,304.47,857200
2026-08-28,308.69,309.79,302.98,308.98,715300
2026-08-31,307.17,314.51,303.65,313.55,1078900
2026-09-01,310.97,315.0,303.6,305.44,952000
2026-09-02,301.49,309.09,299.0,306.07,524100
2026-09-03,310.51,320.48,307.93,312.96,637600
2026-09-04,305.72,306.11,299.57,301.96,633300
2026-09-08,302.68,302.79,288.81,289.0,1788800
2026-09-09,287.93,287.95,279.16,279.17,785000
2026-09-10,279.26,283.16,262.29,262.93,1496400
2026-09-11,264.9,265.0,255.87,259.71,1018200
2026-09-14,269.89,282.63,269.67,276.93,1074900
2026-09-15,273.45,284.89,270.6,277.09,811400
2026-09-16,274.44,277.14,271.06,276.41,700600
2026-09-17,273.34,281.31,270.76,278.85,522400
2026-09-18,277.71,286.68,273.46,283.83,1194600
2026-09-21,285.13,289.78,281.88,284.1,669700
2026-09-22,288.16,288.9,276.36,276.42,789200
2026-09-23,276.75,283.69,275.83,279.43,434100
2026-09-24,281.94,285.34,270.56,271.25,680000
2026-09-25,269.87,276.58,269.38,273.08,406400
2026-09-28,270.06,271.51,264.66,267.67,762300
2026-09-29,266.27,269.11,252.05,259.97,1286600
2026-09-30,261.99,272.23,258.5,269.95,1490900
2026-10-01,277.03,285.48,273.47,277.61,1344900
2026-10-02,275.44,273.54,267.23,269.11,208453
