Date,Open,High,Low,Close,Volume
2015-04-17,31.19,32.24,31.01,31.75,2024500
2015-04-24,31.89,32.15,31.15,31.9,2234000
2015-05-01,32.04,32.1,31.39,31.66,2016600
2015-05-08,31.78,32.15,30.88,31.45,1831700
2015-05-15,31.42,32.91,30.62,32.5,3026400
2015-05-22,32.5,32.81,31.61,31.89,1954900
2015-05-29,31.82,31.91,31.14,31.66,1137200
2015-06-05,31.88,33.08,31.39,32.66,1471000
2015-06-12,32.73,32.92,32.01,32.16,1167100
2015-06-19,31.88,33.64,31.88,32.98,1811800
2015-06-26,33.12,34.08,33.12,34.02,1143300
2015-07-03,33.55,34.11,33.14,33.89,948800
2015-07-10,33.59,34.12,32.46,33.51,1345300
2015-07-17,33.63,34.83,33.14,33.59,1367600
2015-07-24,33.6,34.46,33.46,33.65,1966600
2015-07-31,33.59,35.15,32.0,32.28,3362800
2015-08-07,32.28,33.42,31.83,32.79,3056700
2015-08-14,32.84,33.02,31.24,32.3,1894800
2015-08-21,31.99,32.11,30.46,30.55,2104800
2015-08-28,29.24,30.98,27.73,30.68,2523500
2015-09-04,30.64,31.51,30.01,30.22,1784900
2015-09-11,30.69,31.1,30.13,30.39,1003400
2015-09-18,30.44,31.6,29.72,30.81,1829000
2015-09-25,30.83,31.09,29.78,30.27,2049100
2015-10-02,30.09,30.53,29.53,30.14,2245600
2015-10-09,30.41,30.77,29.59,30.26,2493000
2015-10-16,30.26,31.47,30.06,30.42,3243800
2015-10-23,30.28,30.39,28.57,28.93,2974300
2015-10-30,28.26,29.01,26.71,28.73,5134500
2015-11-06,28.8,29.33,28.23,28.5,1771800
2015-11-13,28.54,29.43,26.3,28.53,4810000
2015-11-20,28.54,31.19,28.42,30.38,3946500
2015-11-27,30.45,31.27,30.21,31.06,1904300
2015-12-04,31.14,31.62,30.71,31.52,3165200
2015-12-11,31.25,31.47,29.12,29.3,2970200
2015-12-18,29.4,29.58,28.71,28.84,2321300
2015-12-25,29.12,29.18,28.23,29.0,1631600
2016-01-01,28.83,29.22,28.35,28.42,1125200
2016-01-08,27.85,28.23,26.61,26.64,2230200
2016-01-15,26.8,26.91,25.35,25.55,2169800
2016-01-22,25.8,26.95,24.93,26.73,2788800
2016-01-29,26.63,26.7,24.91,25.2,4893800
2016-02-05,25.09,25.44,23.71,24.01,5715900
2016-02-12,23.75,23.76,22.43,23.56,6212800
2016-02-19,23.79,24.95,23.37,24.43,2902000
2016-02-26,24.77,26.16,22.63,26.09,5789700
2016-03-04,26.06,27.14,25.8,26.62,4051200
2016-03-11,26.45,29.21,26.37,29.05,3960500
2016-03-18,28.96,30.2,28.6,29.86,4000300
2016-03-25,29.83,30.29,29.11,29.42,1720600
2016-04-01,29.42,31.08,29.29,30.92,1729300
2016-04-08,30.94,30.94,29.49,29.61,2349900
2016-04-15,29.86,30.65,29.74,30.52,2387300
2016-04-22,30.37,31.23,30.29,30.61,2556700
2016-04-29,30.55,31.84,30.23,31.06,2107800
2016-05-06,31.2,31.98,29.73,30.16,4855800
2016-05-13,30.15,30.63,29.13,29.33,2972300
2016-05-20,29.35,29.42,28.31,29.1,2195000
2016-05-27,29.13,30.43,28.97,30.28,1794400
2016-06-03,30.15,30.28,29.61,30.1,1765900
2016-06-10,30.16,30.86,29.58,29.69,2611200
2016-06-17,29.47,29.78,28.26,28.81,1437900
2016-06-24,29.04,29.45,27.51,27.54,1848200
2016-07-01,27.21,30.05,26.9,29.97,3441800
2016-07-08,29.64,30.26,29.29,30.0,2196100
2016-07-15,30.06,31.86,30.05,31.53,1797600
2016-07-22,31.97,32.2,31.05,31.39,1270200
2016-07-29,31.25,31.42,28.96,29.31,2923000
2016-08-05,29.31,29.54,28.71,29.12,2421200
2016-08-12,29.19,30.28,29.0,29.7,1617800
2016-08-19,29.81,30.27,29.11,30.26,1364400
2016-08-26,30.1,30.21,29.63,29.79,922800
2016-09-02,29.77,29.94,29.17,29.72,1053800
2016-09-09,29.75,30.16,29.12,29.16,1356600
2016-09-16,28.98,29.39,27.41,27.48,2497100
2016-09-23,27.54,28.49,27.22,28.31,1841600
2016-09-30,28.12,28.49,27.74,27.95,2048000
2016-10-07,27.85,27.98,27.13,27.48,1922300
2016-10-14,27.65,27.73,27.02,27.11,2031600
2016-10-21,27.13,27.4,25.92,26.37,2456500
2016-10-28,26.39,26.57,25.59,25.72,2750000
2016-11-04,25.68,26.51,24.61,24.62,4891600
2016-11-11,24.87,26.08,24.8,25.18,4042100
2016-11-18,25.41,26.77,25.34,26.31,3312200
2016-11-25,26.53,27.53,26.42,27.38,1615300
2016-12-02,27.44,27.96,27.13,27.47,4625000
2016-12-09,27.67,27.95,26.87,27.92,3130000
2016-12-16,28.0,28.15,27.35,27.83,3546800
2016-12-23,27.93,27.93,25.54,25.55,4520600
2016-12-30,25.67,25.78,25.31,25.37,1934300
2017-01-06,25.38,26.01,25.3,25.41,3719700
2017-01-13,25.45,26.23,24.77,24.8,2898300
2017-01-20,24.8,25.65,24.79,25.08,2787600
2017-01-27,25.08,26.06,24.83,25.54,2510200
2017-02-03,25.46,26.22,23.78,23.91,5453400
2017-02-10,23.79,25.25,23.55,25.05,6082900
2017-02-17,25.02,25.2,24.7,25.03,2537700
2017-02-24,25.1,26.4,24.67,25.58,7014200
2017-03-03,25.65,26.06,25.05,25.86,4727200
2017-03-10,25.87,25.88,25.42,25.68,2565200
2017-03-17,25.71,26.55,25.5,26.39,3117700
2017-03-24,26.37,26.46,25.38,26.16,3586000
2017-03-31,25.93,27.19,25.85,27.04,2821200
2017-04-07,27.11,27.2,26.09,26.45,2331700
2017-04-14,26.52,27.33,26.42,26.99,1557600
2017-04-21,27.05,27.97,27.01,27.67,3232800
2017-04-28,27.96,28.15,27.61,28.04,3257000
2017-05-05,28.14,29.24,27.54,28.71,3278600
2017-05-12,28.73,29.05,27.91,27.95,3948900
2017-05-19,28.22,28.6,27.08,27.77,3127300
2017-05-26,27.85,28.75,27.56,28.58,2014000
2017-06-02,28.51,29.7,28.39,29.64,1783800
2017-06-09,29.63,30.48,29.53,30.36,2652800
2017-06-16,30.36,30.93,30.3,30.55,2778200
2017-06-23,30.51,31.51,30.48,31.4,3004200
2017-06-30,31.6,31.83,30.35,30.73,3419300
2017-07-07,30.88,30.93,30.27,30.83,1071000
2017-07-14,30.78,31.02,29.72,30.19,2107100
2017-07-21,30.15,30.54,29.88,30.34,1409800
2017-07-28,30.33,30.82,29.98,30.15,1286800
2017-08-04,30.27,30.93,29.48,29.99,1881400
2017-08-11,30.11,31.14,29.7,30.13,1736900
2017-08-18,30.33,30.83,29.83,29.87,1081900
2017-08-25,29.83,31.07,29.65,30.84,1173200
2017-09-01,30.89,31.62,30.48,31.54,1444900
2017-09-08,31.57,31.77,30.93,31.4,1058500
2017-09-15,31.59,31.87,30.26,30.75,1831700
2017-09-22,30.76,31.14,30.58,30.73,1093800
2017-09-29,30.6,31.55,30.5,31.28,1866800
2017-10-06,31.37,31.82,31.25,31.52,1513800
2017-10-13,31.59,31.59,30.11,31.01,3021100
2017-10-20,30.9,31.77,30.74,31.68,1405800
2017-10-27,31.86,32.15,30.68,31.07,1720300
2017-11-03,31.0,31.08,27.89,28.95,4976700
2017-11-10,29.08,30.3,28.99,30.24,2800300
2017-11-17,30.24,30.61,29.73,30.61,1573600
2017-11-24,30.59,31.57,30.55,31.43,1587600
2017-12-01,31.55,32.03,31.28,31.97,2093100
2017-12-08,32.27,32.31,30.96,32.11,1773000
2017-12-15,32.23,32.61,31.56,31.6,1840900
2017-12-22,31.87,32.51,31.59,32.33,1254000
2017-12-29,32.33,32.66,32.21,32.3,600700
2018-01-05,32.3,32.66,31.96,32.49,1049300
2018-01-12,32.62,32.83,32.0,32.57,1445000
2018-01-19,32.63,33.82,31.91,33.45,1760300
2018-01-26,33.41,34.12,33.05,33.89,2174300
2018-02-02,33.9,34.19,32.57,32.59,1905600
2018-02-09,32.39,32.8,30.29,30.83,4023200
2018-02-16,31.04,31.28,30.1,30.85,3013400
2018-02-23,30.69,30.82,29.16,29.76,2442600
2018-03-02,29.8,29.96,28.38,28.78,2237800
2018-03-09,28.6,29.51,28.4,29.37,2545800
2018-03-16,29.32,29.66,28.76,29.53,1635800
2018-03-23,29.53,29.81,28.89,28.93,2096700
2018-03-30,29.08,29.18,28.1,28.89,2075600
2018-04-06,28.88,29.71,28.31,29.13,1775200
2018-04-13,29.18,29.81,28.97,29.27,1467500
2018-04-20,29.47,29.94,29.1,29.1,1213400
2018-04-27,29.17,29.93,28.7,29.49,1934700
2018-05-04,29.59,30.53,28.41,28.6,2937000
2018-05-11,28.6,29.39,28.42,28.74,1804700
2018-05-18,28.74,29.09,28.51,28.93,2718300
2018-05-25,29.05,29.7,28.8,29.39,1547600
2018-06-01,29.25,29.52,28.78,28.91,1240600
2018-06-08,28.96,29.53,28.6,28.93,1453700
2018-06-15,28.92,29.8,28.66,29.52,2270800
2018-06-22,29.37,29.41,28.38,28.38,1502600
2018-06-29,28.3,28.51,27.71,28.16,2823700
2018-07-06,27.91,28.13,27.21,27.57,2235000
2018-07-13,27.63,28.42,27.43,28.39,2175700
2018-07-20,28.33,28.93,27.95,28.72,1854500
2018-07-27,28.72,28.72,25.77,25.87,5522100
2018-08-03,25.88,31.84,25.33,31.16,8580300
2018-08-10,31.15,31.59,30.09,30.19,3761900
2018-08-17,30.16,30.28,29.24,29.83,3882200
2018-08-24,29.83,30.16,29.11,29.25,2794400
2018-08-31,29.23,30.13,29.23,29.45,1917200
2018-09-07,29.23,29.3,28.76,28.89,1201900
2018-09-14,28.92,30.3,28.92,30.04,2797400
2018-09-21,30.16,30.64,29.73,30.36,1988500
2018-09-28,30.28,30.65,29.66,30.43,1556800
2018-10-05,30.63,31.08,28.99,29.29,2503400
2018-10-12,29.02,29.81,28.11,29.15,2764100
2018-10-19,29.2,30.09,29.15,29.37,1742400
2018-10-26,29.31,30.05,29.0,29.66,2278900
2018-11-02,30.23,32.0,28.81,31.13,3601100
2018-11-09,31.25,32.23,30.91,31.64,2651600
2018-11-16,31.61,32.38,30.98,31.44,2615000
2018-11-23,31.44,31.72,30.61,31.55,2310300
2018-11-30,31.78,32.99,31.44,32.84,2835900
2018-12-07,33.16,34.4,32.11,32.39,2195000
2018-12-14,32.32,32.83,31.82,32.41,2129400
2018-12-21,32.24,32.44,29.86,29.89,2341900
2018-12-28,29.83,31.0,29.66,30.24,1416000
2019-01-04,30.3,30.56,29.67,30.39,1623200
2019-01-11,30.49,32.1,30.31,31.41,2890700
2019-01-18,31.23,33.16,31.19,32.77,2464800
2019-01-25,32.48,33.31,32.33,33.22,1589200
2019-02-01,33.02,34.18,33.02,33.98,2440400
2019-02-08,32.93,34.7,32.77,34.42,1923100
2019-02-15,34.48,34.68,33.82,34.49,3670500
2019-02-22,34.35,35.21,32.19,35.08,5387500
2019-03-01,35.23,36.66,35.09,35.95,2970000
2019-03-08,36.16,36.46,35.08,35.35,1889900
2019-03-15,35.45,35.98,35.1,35.81,2818200
2019-03-22,35.82,36.68,35.74,36.48,2394700
2019-03-29,36.49,36.97,35.09,35.97,2555100
2019-04-05,36.2,37.07,35.85,36.56,2736100
2019-04-12,36.56,37.14,36.39,37.05,1606100
2019-04-19,37.1,37.27,36.9,37.19,1327200
2019-04-26,37.1,37.95,36.91,37.08,1930600
2019-05-03,37.02,38.28,36.27,37.62,3241300
2019-05-10,37.15,38.09,37.07,37.63,2920700
2019-05-17,37.23,38.07,36.41,37.61,2475200
2019-05-24,37.46,37.83,36.59,36.74,2124000
2019-05-31,36.71,37.35,35.89,36.06,2086500
2019-06-07,36.04,36.92,35.6,36.83,2400000
2019-06-14,36.87,38.82,36.87,38.76,2229800
2019-06-21,38.75,39.55,38.69,39.13,2264100
2019-06-28,39.05,39.28,38.06,38.68,1888300
2019-07-05,38.98,39.58,38.48,38.91,1438800
2019-07-12,38.87,39.8,38.6,39.54,1931500
2019-07-19,39.7,40.4,39.38,39.42,1774400
2019-07-26,39.66,39.9,39.06,39.38,1787200
2019-08-02,39.39,40.29,38.37,38.65,2682200
2019-08-09,38.24,38.56,36.67,37.39,2452900
2019-08-16,37.19,37.62,35.59,36.17,1658300
2019-08-23,36.51,36.92,35.51,35.59,2452900
2019-08-30,35.82,37.16,35.5,36.68,1895300
2019-09-06,36.48,37.78,36.31,37.22,1799500
2019-09-13,37.13,37.9,36.82,37.48,1796100
2019-09-20,37.31,37.31,35.46,35.48,1732300
2019-09-27,35.51,35.74,34.64,35.31,1718600
2019-10-04,35.39,35.78,34.42,35.05,2207300
2019-10-11,34.99,35.46,34.36,34.79,1640300
2019-10-18,34.79,35.59,23.45,26.28,19985400
2019-10-25,26.56,28.59,25.93,25.97,8427600
2019-11-01,26.06,26.73,25.47,25.87,5635700
2019-11-08,25.95,27.27,25.71,27.21,3519100
2019-11-15,27.12,27.57,26.61,27.1,4840100
2019-11-22,27.12,27.57,26.37,27.06,4985300
2019-11-29,27.2,29.36,27.12,29.11,3962100
2019-12-06,29.2,29.52,28.49,29.44,6132100
2019-12-13,29.41,29.54,28.44,28.58,3576500
2019-12-20,28.82,29.36,28.56,29.18,2534800
2019-12-27,29.17,29.67,29.02,29.55,1824800
2020-01-03,29.59,29.82,29.14,29.76,2405600
2020-01-10,29.5,30.0,28.31,28.31,4028000
2020-01-17,28.35,30.03,28.22,29.71,4478900
2020-01-24,29.8,30.29,29.69,29.84,2628000
2020-01-31,29.37,29.38,27.58,27.72,2761300
2020-02-07,27.81,29.19,27.81,28.3,2831500
2020-02-14,28.26,28.77,27.74,27.82,2459900
2020-02-21,27.67,28.92,26.62,27.34,4462400
2020-02-28,26.59,26.74,23.95,24.22,5530000
2020-03-06,24.31,25.06,22.85,23.18,5350900
2020-03-13,21.94,22.34,15.95,16.8,6570700
2020-03-20,14.85,15.41,9.78,10.14,10926600
2020-03-27,10.08,13.33,9.42,12.76,13723700
2020-04-03,12.69,12.99,11.78,12.54,9481300
2020-04-10,13.26,16.39,13.08,16.24,4107700
2020-04-17,16.8,16.89,14.74,16.11,5691100
2020-04-24,15.82,16.01,14.54,14.81,5135400
2020-05-01,15.11,16.87,13.2,13.51,6561200
2020-05-08,13.26,14.05,12.94,13.79,7775300
2020-05-15,13.56,14.37,11.96,12.5,8086000
2020-05-22,13.14,13.73,12.86,13.25,3632500
2020-05-29,13.72,14.87,13.57,13.91,4807300
2020-06-05,13.84,17.98,13.84,17.94,5676200
2020-06-12,18.28,18.39,14.97,16.11,5959600
2020-06-19,15.6,16.78,14.88,15.0,4483300
2020-06-26,15.02,16.01,14.33,14.42,4264400
2020-07-03,14.35,15.73,14.33,15.52,2520600
2020-07-10,15.52,15.92,14.25,15.01,2939600
2020-07-17,15.16,17.29,14.81,17.21,3040200
2020-07-24,17.26,17.38,16.58,16.69,2942900
2020-07-31,16.62,18.28,16.43,17.76,4471900
2020-08-07,17.82,18.41,17.4,18.31,3182900
2020-08-14,18.41,19.67,18.3,19.61,2548200
2020-08-21,19.6,20.48,19.14,19.71,4037700
2020-08-28,19.85,20.76,19.72,20.23,2436700
2020-09-04,20.28,21.03,19.27,20.32,2791600
2020-09-11,19.98,20.51,19.69,20.08,2436400
2020-09-18,20.27,20.85,19.04,19.77,2642400
2020-09-25,19.36,20.2,18.93,20.09,3826400
2020-10-02,20.33,20.75,19.58,20.72,2977800
2020-10-09,20.95,22.69,20.1,22.63,5328000
2020-10-16,22.68,22.75,21.68,21.97,2382000
2020-10-23,22.1,22.58,21.5,22.54,3651900
2020-10-30,22.18,23.3,20.14,20.77,5414800
2020-11-06,20.95,23.13,20.74,20.93,4221800
2020-11-13,22.0,24.66,21.97,23.89,4109400
2020-11-20,24.4,26.35,23.73,26.12,3410700
2020-11-27,26.26,26.94,25.69,26.65,1648600
2020-12-04,26.67,28.3,26.1,27.49,2760100
2020-12-11,27.42,28.22,26.89,27.06,2537000
2020-12-18,27.16,28.08,26.84,28.02,1825600
2020-12-25,27.64,28.68,27.19,28.22,1464100
2021-01-01,28.34,28.42,27.5,28.01,718700
2021-01-08,28.1,29.0,27.05,28.5,1123800
2021-01-15,28.25,28.46,26.92,27.09,1836400
2021-01-22,27.26,27.86,25.83,26.19,1751100
2021-01-29,26.11,26.63,24.81,24.92,2710300
2021-02-05,25.13,27.12,25.13,27.06,3173700
2021-02-12,27.24,28.2,26.08,28.1,2804000
2021-02-19,28.25,28.44,26.63,27.64,1415400
2021-02-26,27.52,31.41,26.1,30.37,3835700
2021-03-05,30.96,32.02,28.32,29.5,3798400
2021-03-12,29.59,31.31,29.4,31.27,2834500
2021-03-19,31.25,32.26,30.8,31.55,1641200
2021-03-26,31.59,31.8,29.27,30.84,2144000
2021-04-02,30.9,31.52,30.13,31.29,1329600
2021-04-09,31.51,33.39,31.23,33.21,1564900
2021-04-16,33.21,33.64,32.74,33.0,1430400
2021-04-23,33.24,34.26,32.35,34.16,1316200
2021-04-30,34.45,35.55,34.2,34.69,2147400
2021-05-07,34.88,38.14,34.78,36.67,3390600
2021-05-14,36.89,37.09,34.05,35.96,2298500
2021-05-21,36.04,36.22,34.09,34.89,1701400
2021-05-28,34.92,36.33,34.74,36.16,1732600
2021-06-04,36.39,36.76,35.44,36.56,2027100
2021-06-11,36.73,36.78,35.38,35.94,1442700
2021-06-18,35.86,36.23,34.04,34.26,1138100
2021-06-25,34.59,37.02,34.37,36.4,1625500
2021-07-02,36.4,38.5,35.58,37.51,2875100
2021-07-09,37.55,37.79,33.64,35.47,1555900
2021-07-16,35.28,35.67,32.89,33.02,1258700
2021-07-23,32.45,34.52,31.97,34.45,1486900
2021-07-30,34.49,35.11,33.6,34.49,1294200
2021-08-06,34.64,37.83,34.25,36.49,1788900
2021-08-13,36.36,38.77,36.26,38.37,3325900
2021-08-20,38.31,38.9,36.93,37.93,2032900
2021-08-27,38.26,39.5,37.84,38.64,3459100
2021-09-03,38.72,40.27,38.34,39.94,2811300
2021-09-10,39.97,40.0,38.13,38.17,2360300
2021-09-17,38.3,38.73,37.13,37.3,2569400
2021-09-24,36.58,39.16,36.13,38.31,2046000
2021-10-01,38.26,38.62,36.17,37.1,2292500
2021-10-08,37.15,37.78,34.77,35.98,3748100
2021-10-15,35.95,36.89,35.18,36.59,1713700
2021-10-22,36.33,37.53,36.19,36.72,2687700
2021-10-29,36.75,37.46,36.06,36.72,3545300
2021-11-05,36.88,41.6,36.88,40.37,4564100
2021-11-12,40.68,42.54,40.26,42.35,2387200
2021-11-19,42.69,43.63,41.9,41.95,2344900
2021-11-26,42.07,42.95,40.91,41.52,1283200
2021-12-03,42.1,42.24,39.8,40.18,2494700
2021-12-10,40.84,42.91,40.22,40.93,2451800
2021-12-17,40.84,41.48,39.89,40.21,2443000
2021-12-24,39.53,40.99,38.48,40.76,2115900
2021-12-31,41.07,42.68,41.07,42.39,1677300
2022-01-07,42.54,43.42,40.84,41.6,2179500
2022-01-14,41.03,42.02,40.05,40.72,2917400
2022-01-21,40.83,42.02,38.81,38.96,2812800
2022-01-28,38.22,40.13,37.45,38.91,4120200
2022-02-04,38.62,41.18,38.58,40.5,2578200
2022-02-11,40.62,41.91,38.88,38.91,1639600
2022-02-18,39.0,40.1,37.7,37.96,2449300
2022-02-25,37.69,41.1,37.12,39.08,5033600
2022-03-04,38.41,39.86,36.37,36.53,4766300
2022-03-11,36.52,37.99,34.63,37.37,4161600
2022-03-18,37.39,38.75,35.94,38.69,2914500
2022-03-25,38.83,38.89,36.75,38.44,2301500
2022-04-01,38.35,39.91,36.53,36.71,3273400
2022-04-08,36.64,38.38,35.4,35.48,3044800
2022-04-15,35.15,35.91,34.58,35.66,1856400
2022-04-22,35.53,37.74,35.16,35.38,2300100
2022-04-29,35.01,35.71,33.83,33.88,2090100
2022-05-06,33.74,35.79,30.17,30.92,4626200
2022-05-13,30.41,31.64,29.17,30.99,4707500
2022-05-20,30.73,32.52,29.78,30.63,6042000
2022-05-27,30.73,31.15,28.86,30.88,4037200
2022-06-03,30.82,32.18,30.6,31.37,3198600
2022-06-10,31.55,32.18,29.19,29.24,2803500
2022-06-17,28.42,28.92,26.86,27.53,3542100
2022-06-24,28.23,28.88,27.21,28.65,2311400
2022-07-01,28.83,29.42,27.68,28.89,3951500
2022-07-08,27.99,28.27,26.9,28.09,4522800
2022-07-15,27.79,27.85,25.67,26.91,6874400
2022-07-22,27.32,29.23,26.97,28.76,2596400
2022-07-29,28.86,29.39,26.97,29.32,2558100
2022-08-05,29.27,32.02,28.78,31.07,4658400
2022-08-12,31.27,32.28,30.49,32.08,2203900
2022-08-19,31.72,33.33,31.53,32.25,2620700
2022-08-26,31.63,31.76,30.21,30.26,2704300
2022-09-02,29.93,30.52,29.19,29.96,2449900
2022-09-09,30.03,31.93,29.68,31.87,1632600
2022-09-16,31.95,33.51,30.94,31.19,3052000
2022-09-23,30.93,31.93,28.16,28.61,2807200
2022-09-30,28.39,29.63,27.7,28.27,3373100
2022-10-07,28.66,30.58,28.32,29.22,2499300
2022-10-14,29.45,30.57,28.34,29.91,2494300
2022-10-21,30.56,31.96,30.03,31.11,2809700
2022-10-28,30.9,32.27,30.68,32.25,2741000
2022-11-04,31.91,32.27,27.86,29.04,4356900
2022-11-11,29.22,29.38,26.79,29.05,2717800
2022-11-18,28.75,29.46,27.3,28.68,2344800
2022-11-25,28.43,29.2,27.96,29.11,1592200
2022-12-02,28.95,29.7,27.87,29.53,2054800
2022-12-09,29.45,29.53,28.21,28.91,2337300
2022-12-16,28.97,29.61,27.25,27.4,3174700
2022-12-23,27.4,27.5,26.59,27.06,3300900
2022-12-30,27.16,27.46,26.3,27.4,1894000
2023-01-06,27.76,29.06,27.26,29.03,1825100
2023-01-13,29.11,31.29,28.6,31.05,2604600
2023-01-20,31.03,31.51,30.42,30.95,1027300
2023-01-27,30.28,30.98,29.12,30.35,2638500
2023-02-03,30.1,31.71,29.92,31.15,3012200
2023-02-10,30.87,30.88,28.54,28.95,3197600
2023-02-17,29.06,30.13,28.91,29.8,1556900
2023-02-24,29.47,32.18,28.0,31.33,4429200
2023-03-03,31.41,33.72,30.97,33.66,4523100
2023-03-10,33.74,33.93,30.85,31.11,3852600
2023-03-17,30.37,32.1,30.03,31.42,3676200
2023-03-24,31.61,32.63,31.33,31.82,2163700
2023-03-31,32.01,33.25,31.71,33.19,1597500
2023-04-07,33.19,34.33,31.41,31.45,1923700
2023-04-14,31.26,32.65,31.23,32.0,1683900
2023-04-21,31.98,32.62,31.52,32.5,2040700
2023-04-28,32.48,32.81,31.54,32.58,1795900
2023-05-05,32.4,33.0,28.74,29.5,4098300
2023-05-12,29.58,30.76,29.44,30.69,3041700
2023-05-19,30.73,30.91,29.09,29.29,3565700
2023-05-26,29.29,29.62,27.69,28.35,3109200
2023-06-02,28.52,29.15,26.98,29.12,3046500
2023-06-09,28.93,30.38,28.74,29.6,3105300
2023-06-16,29.63,30.91,29.37,30.85,3396300
2023-06-23,30.73,31.23,29.8,30.3,2091600
2023-06-30,30.37,32.4,30.37,32.24,2381300
2023-07-07,32.35,32.97,31.48,31.99,1509600
2023-07-14,32.0,33.04,31.15,31.18,3693000
2023-07-21,31.0,32.21,30.98,31.51,2399300
2023-07-28,31.4,31.81,30.55,31.08,2523400
2023-08-04,31.28,31.52,28.95,30.86,3796900
2023-08-11,31.04,31.88,30.13,30.7,2112200
2023-08-18,30.45,30.66,29.66,29.92,2063700
2023-08-25,30.09,30.12,28.51,29.02,2011600
2023-09-01,29.18,30.29,28.88,30.17,1888300
2023-09-08,29.98,30.06,28.12,28.19,1190800
2023-09-15,28.38,28.85,27.88,28.37,2488000
2023-09-22,28.37,28.4,27.16,27.25,2013100
2023-09-29,27.16,28.35,26.99,28.01,2035800
2023-10-06,28.02,28.47,27.53,28.25,2084100
2023-10-13,28.05,29.58,28.05,29.26,2120600
2023-10-20,29.33,30.0,28.84,29.04,2049600
2023-10-27,28.82,29.08,27.24,27.28,1991900
2023-11-03,27.61,33.41,27.61,33.24,4315600
2023-11-10,33.02,34.07,33.02,33.89,3170700
2023-11-17,33.69,36.0,33.68,35.73,4098500
2023-11-24,35.87,36.02,35.39,35.9,2072300
2023-12-01,35.73,37.16,35.54,37.14,3361700
2023-12-08,37.03,37.65,36.41,36.52,2772800
2023-12-15,35.64,35.73,31.48,34.48,15590700
2023-12-22,34.2,35.12,32.51,32.71,6782600
2023-12-29,32.79,33.41,32.64,33.06,4017600
2024-01-05,32.71,32.98,31.52,31.81,4303700
2024-01-12,31.87,31.94,30.94,31.45,4571500
2024-01-19,31.08,32.17,30.68,32.1,3148800
2024-01-26,32.23,33.58,32.0,33.36,3983400
2024-02-02,33.43,34.23,32.83,33.69,3547000
2024-02-09,33.45,34.32,32.75,34.23,2604800
2024-02-16,34.24,34.93,33.34,34.54,2605300
2024-02-23,34.28,36.61,33.78,35.46,3098000
2024-03-01,35.42,35.48,34.05,34.61,3560800
2024-03-08,34.46,34.97,33.93,34.07,2078600
2024-03-15,33.94,35.28,33.41,34.17,6024500
2024-03-22,34.18,38.87,33.46,37.43,9950900
2024-03-29,37.43,38.0,36.4,37.13,2295000
2024-04-05,37.15,37.6,36.0,36.18,3434800
2024-04-12,36.27,37.55,35.26,35.59,4667400
2024-04-19,35.86,36.34,34.76,35.2,4107300
2024-04-26,35.2,36.13,34.63,35.3,2111200
2024-05-03,35.46,36.32,32.23,33.1,3603400
2024-05-10,33.19,33.68,32.32,33.59,3081900
2024-05-17,33.72,35.81,33.66,35.38,4601300
2024-05-24,35.34,37.69,35.33,37.62,8983500
2024-05-31,37.67,38.3,35.56,38.27,4182200
2024-06-07,38.3,38.72,37.1,38.35,3077900
2024-06-14,38.22,39.07,37.26,37.56,2599200
2024-06-21,37.4,38.22,37.39,37.79,1906200
2024-06-28,37.76,38.56,36.91,37.92,2601900
2024-07-05,38.16,38.92,37.48,38.31,1708500
2024-07-12,38.46,40.02,38.36,39.56,1949800
2024-07-19,39.57,40.12,38.98,39.39,2023300
2024-07-26,39.54,40.24,38.67,39.93,2748700
2024-08-02,40.0,42.0,39.75,41.34,3506900
2024-08-09,40.27,41.81,39.89,41.7,3372100
2024-08-16,41.67,42.36,41.32,42.19,2939200
2024-08-23,42.24,43.0,41.87,42.53,6849600
2024-08-30,42.6,45.65,42.6,45.63,3285500
2024-09-06,45.41,45.71,43.63,44.02,2291600
2024-09-13,44.08,45.17,43.48,45.0,2397000
2024-09-20,45.16,46.68,45.16,45.72,3015700
2024-09-27,45.9,47.75,45.71,46.85,2273700
2024-10-04,46.98,47.31,46.54,46.97,2306100
2024-10-11,47.03,47.72,46.54,47.66,2177600
2024-10-18,47.46,48.01,47.02,47.54,2170600
2024-10-25,47.34,48.51,46.64,48.07,2088900
2024-11-01,48.22,49.92,48.15,49.66,2482200
2024-11-08,49.74,50.58,48.75,49.27,4281700
2024-11-15,49.39,49.79,47.55,48.29,3447100
2024-11-22,48.13,50.12,48.11,49.83,6225500
2024-11-29,50.07,50.43,49.08,49.62,1561500
2024-12-06,49.73,50.6,48.2,48.24,2789300
2024-12-13,48.15,49.46,47.69,48.82,2940300
2024-12-20,48.75,49.39,46.45,46.78,2184300
2024-12-27,46.54,47.32,46.4,46.86,1827900
2025-01-03,46.64,47.36,45.57,46.91,1476500
2025-01-10,47.05,48.7,45.96,48.3,2262500
2025-01-17,47.9,50.02,47.74,49.75,3390600
2025-01-24,50.25,51.26,50.22,51.16,1424800
2025-01-31,51.0,52.87,50.78,51.61,2010900
2025-02-07,50.44,53.29,50.07,51.18,2729400
2025-02-14,51.24,51.41,50.19,50.95,2276100
2025-02-21,50.9,55.39,50.85,54.17,3419700
2025-02-28,54.39,55.13,53.39,54.03,2421400
2025-03-07,54.24,54.6,48.77,49.51,2545700
2025-03-14,48.97,50.1,45.85,46.53,6137300
2025-03-21,46.6,47.3,44.87,45.17,2187000
2025-03-28,45.6,46.03,43.59,44.96,3503800
2025-04-04,44.64,45.57,39.28,39.78,4339700
2025-04-11,38.59,41.91,37.16,41.49,5732500
2025-04-18,42.33,42.47,40.17,41.13,2531600
2025-04-25,40.7,43.58,40.27,42.5,3170300
2025-05-02,42.65,47.85,41.61,47.43,5662200
2025-05-09,47.2,48.3,46.66,47.22,3063100
2025-05-16,48.78,50.33,48.12,50.12,2871500
2025-05-23,49.83,50.98,48.02,49.01,5600300
2025-05-30,50.03,50.83,46.52,46.6,3637200
2025-06-06,46.6,48.23,46.03,47.83,3063500
2025-06-13,48.07,48.93,46.18,46.32,2897800
2025-06-20,46.85,48.06,46.46,46.55,1436800
2025-06-27,46.42,49.66,46.11,48.78,2340800
2025-07-04,49.0,50.98,48.59,50.84,1824700
2025-07-11,50.71,51.59,50.21,51.05,2549300
2025-07-18,51.04,53.85,49.87,52.4,2384100
2025-07-25,52.5,53.29,51.37,52.25,2151500
2025-08-01,52.37,52.9,49.2,51.17,3829800
2025-08-08,51.77,53.22,51.13,51.58,2514700
2025-08-15,51.48,57.76,46.0,56.37,13975400
2025-08-22,56.03,57.38,53.69,55.7,13587400
2025-08-29,55.69,55.88,54.46,54.6,3852500
2025-09-05,53.82,55.6,52.41,55.5,4023700
2025-09-12,55.61,55.84,53.77,53.9,4180700
2025-09-19,53.87,56.25,53.87,56.18,5100200
2025-09-26,55.89,57.8,55.57,57.67,5223200
2025-10-03,57.95,61.16,56.48,60.96,5310700
2025-10-10,61.03,62.23,59.38,59.38,5928000
2025-10-17,59.77,61.68,59.22,60.74,4072600
2025-10-24,60.53,61.22,58.96,60.43,5153900
2025-10-31,60.8,62.56,57.96,58.29,7269200
2025-11-07,58.16,58.7,55.19,55.39,5909900
2025-11-14,56.08,59.09,55.41,58.63,4585900
2025-11-21,58.3,58.64,55.48,56.67,10080900
2025-11-28,56.39,57.88,54.83,55.82,9310600
2025-12-05,57.06,59.24,56.5,58.79,20086700
2025-12-12,58.78,62.2,56.5,60.52,7102100
2025-12-19,60.74,65.43,59.94,63.39,6768200
2025-12-26,63.21,63.81,62.66,63.55,2005700
2026-01-02,63.28,63.51,61.68,62.93,2496000
2026-01-09,62.8,65.13,62.0,63.45,5149100
2026-01-16,63.0,64.07,61.75,63.22,4318000
2026-01-23,62.16,67.96,62.16,66.91,6399800
2026-01-30,67.38,67.4,64.3,64.98,6064300
2026-02-06,65.17,71.68,64.86,71.23,6705000
2026-02-13,71.4,73.7,70.88,72.58,6043400
2026-02-20,72.54,73.12,70.05,71.56,4553800
2026-02-27,71.21,72.13,66.23,68.09,8529700
2026-03-06,66.24,67.73,62.43,62.43,12313300
2026-03-13,61.18,63.95,58.54,58.66,10008400
2026-03-20,59.29,59.84,55.37,55.99,5390200
2026-03-27,57.05,58.8,54.21,54.43,6204700
2026-04-03,54.91,57.83,53.47,54.45,4940700
2026-04-10,54.31,58.13,53.49,57.84,4599600
2026-04-17,57.3,60.32,56.4,59.88,5064200
2026-04-24,59.6,61.57,58.35,58.57,6183900
2026-05-01,58.67,63.33,55.76,61.51,7297900
2026-05-08,60.85,62.06,57.94,59.26,5045400
2026-05-15,59.18,59.61,56.16,56.49,4253700
2026-05-22,56.9,58.79,53.98,58.18,5256700
2026-05-29,58.92,61.84,58.92,60.98,3241600
2026-06-05,59.97,60.2,57.05,57.61,4724000
2026-06-12,57.36,61.07,56.76,60.78,4703400
2026-06-19,62.18,63.41,46.55,51.89,27665700
2026-06-26,51.48,56.05,51.31,52.82,8716000
2026-07-03,52.32,52.5,50.09,51.5,5633600
2026-07-10,51.71,52.74,50.29,52.5,4743200
2026-07-17,52.4,54.99,51.21,54.08,4900000
2026-07-24,53.91,55.64,49.12,49.95,8865700
2026-07-31,50.62,56.37,49.2,55.38,10928900
2026-08-07,56.36,59.18,55.0,57.5,7332000
2026-08-14,57.24,58.68,55.86,56.72,5417600
2026-08-21,56.17,57.4,54.69,56.17,4251800
2026-08-28,56.04,56.32,52.87,53.12,4236400
2026-09-04,52.63,54.53,50.15,53.4,5528700
2026-09-11,53.18,53.43,48.05,48.45,4246300
2026-09-18,47.85,48.61,45.52,46.87,6654700
2026-09-25,47.34,48.34,40.13,40.98,15108000
2026-10-02,40.12,43.39,39.93,41.0,10303200
2026-10-09,40.68,42.11,40.01,41.97,10161936
